X	Y	Z	T
296450.13400000,2779231.35000000,-6.66000000,584.68862880
296450.13100000,2779231.36100000,-6.70333333,585.15530400
296450.12600000,2779231.37200000,-6.60654540,585.72197280
296450.12500000,2779231.37400000,-6.61000000,585.73863360
296449.98300000,2779232.16900000,-6.61000000,585.75529439
296340.00900000,2779210.46100000,-7.00000000,588.35530080
296339.88900000,2779210.52300000,-6.88945562,588.37196160
296339.52900000,2779210.70200000,-7.00000000,588.42197280
296339.40700000,2779210.79500000,-7.02148201,588.43863360
296339.29900000,2779210.90500000,-6.99685193,588.45529440
296339.18700000,2779211.02700000,-7.07000000,588.47196960
296339.03700000,2779211.36900000,-6.98000000,588.50530560
296338.98600000,2779211.58400000,-6.97000000,588.52196640
296338.89100000,2779211.78500000,-6.66000000,588.53862719
296338.82400000,2779212.00900000,-6.99413021,588.55530240
296338.74500000,2779212.25300000,-7.08000000,588.57196320
296338.63700000,2779212.50400000,-6.97333333,588.58863840
296338.57100000,2779212.78100000,-6.98036354,588.60529920
296338.39400000,2779213.33900000,-6.95760560,588.63863520
296338.24500000,2779213.63100000,-6.96314807,588.65529599
296338.18400000,2779213.96600000,-6.96654549,588.67197120
296338.08800000,2779214.30200000,-6.95000000,588.68863200
296337.96700000,2779214.63800000,-6.93260271,588.70529280
296337.86100000,2779214.97300000,-6.96000000,588.72196800
296337.73400000,2779215.31900000,-6.99000000,588.73862880
296337.62000000,2779215.68000000,-6.97000000,588.75530400
296337.49700000,2779216.03900000,-6.97727233,588.77196481
296337.36200000,2779216.41900000,-6.94666667,588.78864000
296337.22200000,2779216.79100000,-6.97057169,588.80530080
296337.04600000,2779217.17700000,-6.95654549,588.82196160
296336.91600000,2779217.57800000,-6.94500000,588.83863680
296336.74600000,2779217.96200000,-6.96055540,588.85529760
296336.62000000,2779218.36900000,-6.95672726,588.87197280
296336.42300000,2779218.77300000,-6.31000000,588.88863361
296336.27800000,2779219.16100000,-6.95708315,588.90529440
296336.12100000,2779219.58300000,-7.04000000,588.92196960
296335.79300000,2779220.44600000,-6.99000000,588.95530560
296335.61600000,2779220.87900000,-6.97654549,588.97196640
296335.44400000,2779221.32300000,-6.97648140,588.98862720
296335.10800000,2779222.24400000,-7.00000000,589.02196320
296334.94200000,2779222.72000000,-6.99654540,589.03863840
296334.58500000,2779223.66300000,-7.01314820,589.07196000
296334.23200000,2779224.60700000,-6.96000000,589.10529600
296334.04800000,2779225.09500000,-7.04000000,589.12197120
296333.67200000,2779226.07900000,-6.95000000,589.15529280
296333.48600000,2779226.58300000,-7.04666667,589.17196800
296333.29900000,2779227.08600000,-7.03618195,589.18862880
296200.02700000,2779528.75300000,-5.80148201,595.65529440
296199.62800000,2779529.61400000,-5.87000000,595.67196960
296199.23100000,2779530.50300000,-5.87000000,595.68863040
296198.82500000,2779531.36100000,-5.88000000,595.70530560
296198.41400000,2779532.24800000,-5.99833259,595.72196640
296198.00900000,2779533.13600000,-6.00000000,595.73862720
296197.61500000,2779534.00700000,-5.99000000,595.75530240
296197.20700000,2779534.92400000,-6.00629640,595.77196320
296196.79000000,2779535.77900000,-6.02000000,595.78863840
296196.37300000,2779536.68600000,-6.04000000,595.80529920
296195.96000000,2779537.58300000,-6.00648153,595.82196000
296195.55400000,2779538.50100000,-6.00000000,595.83863520
296195.14800000,2779539.42300000,-6.01309098,595.85529600
296194.74500000,2779540.31400000,-6.03500000,595.87197120
296194.33400000,2779541.25200000,-6.06000000,595.88863200
296193.95300000,2779542.14300000,-6.12000000,595.90530720
296193.54000000,2779543.06400000,-6.15333333,595.92196800
296193.14200000,2779544.00300000,-6.14690902,595.93862880
296192.74500000,2779544.91200000,-6.13000000,595.95530400
296192.34000000,2779545.85800000,-6.16000000,595.97196480
296191.93400000,2779546.80500000,-6.14753424,595.98864000
296191.53000000,2779547.73700000,-6.12666667,596.00530080
296191.13100000,2779548.65900000,-6.14204698,596.02196160
296190.71600000,2779549.62700000,-6.16327270,596.03863680
296190.30400000,2779550.59300000,-6.21000000,596.05529760
296189.89700000,2779551.51400000,-6.31246576,596.07197280
296189.48500000,2779552.50500000,-6.36333333,596.08863360
296189.07800000,2779553.38700000,-6.39259280,596.10529440
296188.66400000,2779554.37000000,-6.39981823,596.12196960
296188.25600000,2779555.35700000,-6.42000000,596.13863040
296187.84600000,2779556.33600000,-6.35753424,596.15530560
296187.44200000,2779557.29700000,-6.34690920,596.17196640
296187.02300000,2779558.25400000,-6.28472230,596.18862720
296186.60500000,2779559.20700000,-6.19753426,596.20530240
296186.17800000,2779560.16800000,-6.16000000,596.22196320
296185.76500000,2779561.10700000,-6.06753426,596.23863840
296185.34000000,2779562.08200000,-6.04654540,596.25529920
296184.93100000,2779563.04900000,-6.03082188,596.27196000
296184.52600000,2779564.01000000,-6.09685184,596.28863520
296184.11000000,2779564.95000000,-6.27000000,596.30529600
296183.68700000,2779565.94000000,-6.30000000,596.32197120
296183.26900000,2779566.89600000,-6.33654549,596.33863200
296182.85400000,2779567.87700000,-6.36000000,596.35529280
296182.43800000,2779568.84200000,-6.38000000,596.37196800
296182.02300000,2779569.85000000,-6.39000000,596.38862880
296181.59700000,2779570.78900000,-6.44000000,596.40530400
296181.16000000,2779571.79500000,-6.48333239,596.42196480
296180.74300000,2779572.75600000,-6.41672726,596.43864000
296180.32400000,2779573.74700000,-6.41000000,596.45530080
296179.89700000,2779574.72900000,-6.40654540,596.47196160
296179.48500000,2779575.68200000,-6.42500000,596.48863680
296179.06300000,2779576.67100000,-6.42685180,596.50529760
296178.64400000,2779577.65900000,-6.43000000,596.52197280
296178.24200000,2779578.63800000,-6.46333333,596.53863360
296177.82800000,2779579.64700000,-6.44000000,596.55529440
296177.41900000,2779580.62400000,-6.43981823,596.57196960
296176.98600000,2779581.62600000,-6.46000000,596.58863040
296176.55600000,2779582.60500000,-6.48000000,596.60530560
296176.13700000,2779583.59900000,-6.45690902,596.62196640
296175.71800000,2779584.59800000,-6.47472230,596.63862720
296175.29000000,2779585.60500000,-6.48246574,596.65530240
296174.85700000,2779586.58000000,-6.53000000,596.67196320
296174.42300000,2779587.57500000,-6.48000000,596.68863840
296173.99900000,2779588.54900000,-6.48654540,596.70529920
296173.58700000,2779589.56200000,-6.49082188,596.72196000
296173.18700000,2779590.55100000,-6.47000000,596.73863520
296172.77800000,2779591.55600000,-6.48000000,596.75529600
296172.36200000,2779592.55900000,-6.51000000,596.77197120
296171.93200000,2779593.54800000,-6.48000000,596.78863200
296171.49600000,2779594.53800000,-6.53759300,596.80529280
296171.06700000,2779595.53500000,-6.51259226,596.82196800
296170.64000000,2779596.53500000,-6.22000000,596.83862880
296170.22500000,2779597.51900000,-6.51000000,596.85530400
296169.81400000,2779598.50000000,-6.55000000,596.87196480
296169.39900000,2779599.48400000,-6.48000000,596.88864000
296168.97500000,2779600.47900000,-6.48000000,596.90530080
296168.56500000,2779601.46200000,-6.48000000,596.92196160
296168.14500000,2779602.44000000,-6.53000000,596.93863680
296167.72700000,2779603.42300000,-6.49345451,596.95529760
296167.29500000,2779604.39300000,-6.45000000,596.97197280
296166.87300000,2779605.36300000,-6.43944460,596.98863360
296166.45400000,2779606.33700000,-7.50500000,597.00529439
296166.05800000,2779607.30100000,-7.47500000,597.02196960
296165.66500000,2779608.27400000,-7.52463620,597.03863040
296165.27100000,2779609.24500000,-7.50000000,597.05530560
296164.87000000,2779610.22500000,-7.51500000,597.07196640
296164.45100000,2779611.18900000,-7.48500000,597.08862720
296164.03000000,2779612.14700000,-7.49500000,597.10530240
296163.61500000,2779613.11600000,-7.47870387,597.12196319
296163.19800000,2779614.05800000,-7.24500000,597.13863840
296162.79100000,2779615.02700000,-7.49500000,597.15529920
296162.38300000,2779615.98100000,-7.49907386,597.17196000
296161.96700000,2779616.96400000,-7.53500000,597.18863520
296161.56600000,2779617.91200000,-7.55445221,597.20529600
296161.16800000,2779618.83400000,-7.51518177,597.22197120
296160.75200000,2779619.81300000,-7.50500000,597.23863201
296160.35500000,2779620.72700000,-7.50500000,597.25529280
296159.94800000,2779621.67500000,-7.52500000,597.27196800
296159.54200000,2779622.63400000,-7.51809098,597.28862880
296159.14400000,2779623.53300000,-7.57536354,597.30530400
296158.74900000,2779624.47600000,-7.56296260,597.32196480
296158.34600000,2779625.39000000,-7.54253426,597.33864000
296157.94600000,2779626.33200000,-7.52500000,597.35530081
296157.54700000,2779627.24600000,-7.50500000,597.37196160
296157.14400000,2779628.18000000,-7.56000000,597.38863680
296156.73200000,2779629.12400000,-7.51083310,597.40529760
296155.90500000,2779631.00200000,-7.55500000,597.43863360
296155.51000000,2779631.92600000,-7.46148140,597.45529440
296155.11000000,2779632.86000000,-7.49500000,597.47196960
296154.70900000,2779633.78700000,-7.49500000,597.48863040
296154.30800000,2779634.70700000,-7.47500000,597.50530560
296153.89600000,2779635.65600000,-7.49500000,597.52196640
296153.49400000,2779636.58200000,-7.51074100,597.53862720
296153.10300000,2779637.51900000,-7.49500000,597.55530240
296152.68200000,2779638.49400000,-7.50500000,597.57196320
296152.30700000,2779639.39600000,-7.46500000,597.58863840
296151.90300000,2779640.33100000,-7.43722321,597.60529920
296151.49000000,2779641.25000000,-7.47263626,597.62196000
296151.00900000,2779642.16400000,-7.47500000,597.63863520
296150.52900000,2779643.01600000,-7.47760271,597.65529600
296149.98400000,2779643.90300000,-7.48500000,597.67197120
296149.40900000,2779644.72300000,-7.49154540,597.68863200
296148.82400000,2779645.50500000,-7.43208315,597.70529280
296148.17600000,2779646.28900000,-7.50500000,597.72196800
296147.52600000,2779647.02200000,-7.58239729,597.73862880
296146.84100000,2779647.72600000,-7.55746576,597.75530400
296146.12900000,2779648.40100000,-7.53500000,597.77196480
296145.41900000,2779649.03400000,-7.52500000,597.78864000
296144.70100000,2779649.63300000,-7.54500000,597.80530080
296144.00800000,2779650.18600000,-7.48500000,597.82196160
296143.27200000,2779650.71600000,-7.47500000,597.83863680
296142.58900000,2779651.19400000,-7.50722159,597.85529760
296141.88300000,2779651.64500000,-7.48472610,597.87197280
296141.22300000,2779652.05300000,-7.47463646,597.88863360
296140.59200000,2779652.43400000,-7.44027790,597.90529440
296139.98100000,2779652.79800000,-7.37500000,597.92196959
296139.36600000,2779653.13300000,-7.42500000,597.93863040
296138.76600000,2779653.43800000,-7.43250000,597.95530560
296138.24500000,2779653.72300000,-7.40500000,597.97196640
296137.74800000,2779653.99200000,-7.43500000,597.98862720
296137.28600000,2779654.24400000,-7.43500000,598.00530240
296136.91000000,2779654.50100000,-7.45894262,598.02196320
296136.57800000,2779654.75300000,-7.44500000,598.03863839
296136.25400000,2779654.98500000,-7.44500000,598.05529920
296136.03000000,2779655.25100000,-7.46500000,598.07196000
296135.83800000,2779655.49700000,-7.47471437,598.08863520
296135.65500000,2779655.71600000,-7.48500000,598.10529600
296135.51000000,2779655.93500000,-7.53166667,598.12197120
296135.40100000,2779656.13700000,-7.49972210,598.13863200
296135.33400000,2779656.32700000,-7.51900029,598.15529280
296135.28300000,2779656.52500000,-7.49500000,598.17196800
296135.74500000,2779657.06000000,-7.47239722,598.27196160
296136.02000000,2779656.91000000,-7.45500000,598.28863680
296136.33700000,2779656.66000000,-7.44500000,598.30529760
296136.72200000,2779656.32400000,-7.46500000,598.32197280
296137.16500000,2779655.92300000,-7.42870360,598.33863360
296137.65300000,2779655.43300000,-7.41472210,598.35529440
296138.18700000,2779654.86200000,-7.40833333,598.37196960
296138.75000000,2779654.23300000,-7.40500000,598.38863040
296139.30300000,2779653.56200000,-7.40500000,598.40530560
296139.88000000,2779652.85400000,-7.42500000,598.42196640
296140.48000000,2779652.06700000,-7.40736115,598.43862720
296141.10300000,2779651.22800000,-7.40500000,598.45530240
296141.73700000,2779650.35200000,-7.40500000,598.47196320
296142.37500000,2779649.46800000,-7.42833333,598.48863840
296143.00300000,2779648.56000000,-7.40979443,598.50529920
296143.64400000,2779647.60000000,-7.43500000,598.52196000
296144.30200000,2779646.59600000,-7.43500000,598.53863520
296144.98000000,2779645.57400000,-7.42190902,598.55529600
296145.64400000,2779644.55400000,-7.45000000,598.57197120
296146.30900000,2779643.54800000,-7.40500000,598.58863200
296146.95000000,2779642.52500000,-7.44027770,598.60529280
296147.59800000,2779641.45600000,-7.44555580,598.62196800
296148.21100000,2779640.34400000,-7.49500000,598.63862880
296148.76200000,2779639.19400000,-7.51280813,598.65530400
296149.24800000,2779638.04900000,-7.45500000,598.67196480
296150.03400000,2779635.71800000,-7.43528584,598.70530080
296150.38700000,2779634.50600000,-7.45555553,598.72196160
296150.71700000,2779633.25100000,-7.46472591,598.73863680
296151.03400000,2779631.94800000,-7.46555540,598.75529760
296151.36600000,2779630.60300000,-7.46845451,598.77197280
296151.67800000,2779629.21900000,-7.46500000,598.78863360
296151.99700000,2779627.79300000,-7.46760278,598.80529440
296152.34100000,2779626.30500000,-7.46500000,598.82196960
296152.69900000,2779624.77200000,-7.49500000,598.83863040
296153.06600000,2779623.22200000,-7.44833333,598.85530560
296153.45900000,2779621.67200000,-7.46881805,598.87196640
296153.88200000,2779620.10900000,-7.46444460,598.88862720
296154.33400000,2779618.55900000,-7.49500000,598.90530240
296154.81300000,2779616.99300000,-7.47916630,598.92196320
296155.30600000,2779615.42200000,-7.50827270,598.93863840
296155.83500000,2779613.86500000,-7.48074079,598.95529920
296156.40600000,2779612.30400000,-7.46736115,598.97196000
296156.98300000,2779610.73300000,-7.43814820,598.98863520
296157.61600000,2779609.19600000,-7.45500000,599.00529600
296158.35800000,2779607.72300000,-7.45500000,599.02197120
296159.18700000,2779606.30500000,-7.44500000,599.03863200
296160.10400000,2779604.93500000,-7.44500000,599.05529280
296161.06400000,2779603.58300000,-7.51500000,599.07196800
296162.06200000,2779602.23400000,-7.50809098,599.08862880
296163.03800000,2779600.86900000,-7.51000000,599.10530400
296163.98800000,2779599.50400000,-7.44500000,599.12196480
296164.93300000,2779598.13500000,-7.42500000,599.13864000
296165.84700000,2779596.73700000,-7.49614338,599.15530080
296166.71700000,2779595.31500000,-7.44500000,599.17196160
296167.54500000,2779593.86700000,-7.43500000,599.18863680
296168.37400000,2779592.40400000,-7.48052912,599.20529760
296169.09300000,2779590.87900000,-7.48000000,599.22197280
296169.83900000,2779589.34800000,-7.48185180,599.23863360
296170.57100000,2779587.81400000,-7.48500000,599.25529440
296171.29700000,2779586.26200000,-7.48833333,599.27196960
296172.05400000,2779584.71700000,-7.50848620,599.28838560
296172.81000000,2779583.16800000,-7.64500000,599.30530560
296173.58900000,2779581.61100000,-7.45845451,599.32172160
296174.40000000,2779580.07600000,-7.48916690,599.33862720
296175.23100000,2779578.57000000,-7.49500000,599.35530240
296176.09100000,2779577.07400000,-7.50500000,599.37171840
296176.95800000,2779575.59500000,-7.50833333,599.38863840
296177.87200000,2779574.13000000,-7.47500000,599.40529920
296178.82200000,2779572.67600000,-7.44500000,599.42171520
296179.77800000,2779571.19800000,-7.42444460,599.43839040
296180.79800000,2779569.76500000,-7.44444460,599.45505120
296181.91100000,2779568.41900000,-7.47500000,599.47171200
296183.12800000,2779567.17700000,-7.38972210,599.48838720
296184.44800000,2779566.05100000,-7.17833333,599.50504800
296185.91100000,2779565.07000000,-7.24500000,599.52172320
296189.07700000,2779563.40100000,-7.00500000,599.55504480
296190.69100000,2779562.56800000,-7.07536354,599.57172000
296192.32300000,2779561.74500000,-7.13500000,599.58838080
296193.92100000,2779560.86600000,-7.15280835,599.60505600
296195.46400000,2779559.92100000,-7.18129640,599.62171680
296197.01500000,2779558.96400000,-7.20500000,599.63837760
296198.55300000,2779557.96800000,-7.18500000,599.65505280
296200.11700000,2779556.95900000,-7.16000000,599.67171360
296201.68900000,2779555.93700000,-6.96500000,599.68838880
296203.27400000,2779554.92000000,-6.89500000,599.70504960
296204.87800000,2779553.93600000,-6.86500000,599.72171040
296206.47800000,2779552.96200000,-6.85444460,599.73838560
296208.09200000,2779552.00500000,-6.83486305,599.75504640
296209.67200000,2779551.06700000,-6.85500000,599.77172160
296211.23400000,2779550.19600000,-6.85500000,599.78838240
296212.74500000,2779549.33700000,-6.87833333,599.80504320
296214.24800000,2779548.54700000,-6.87500000,599.82171840
296243.06100000,2779562.55700000,-6.85500000,600.17171040
296242.87600000,2779565.28000000,-6.82993153,600.18838560
296242.42400000,2779568.04900000,-6.80500000,600.20504640
296241.79900000,2779570.83200000,-6.76993153,600.22172160
296241.00800000,2779573.67300000,-6.80759226,600.23838240
296240.10400000,2779576.55600000,-6.81000000,600.25504321
296239.04500000,2779579.46000000,-6.82500000,600.27171840
296237.82500000,2779582.37500000,-6.91006847,600.28837920
296236.50100000,2779585.26700000,-6.93020542,600.30505440
296235.07000000,2779588.19800000,-6.95166667,600.32171520
296233.58100000,2779591.13800000,-6.98500000,600.33839040
296232.04800000,2779594.12200000,-6.96500000,600.35505120
296230.49000000,2779597.14700000,-6.91500000,600.37171200
296228.90300000,2779600.19700000,-6.88500000,600.38838720
296227.31600000,2779603.27900000,-6.96500000,600.40504800
296225.72500000,2779606.38700000,-7.16685227,600.42172320
296224.12400000,2779609.53100000,-7.25500000,600.43838400
296222.53500000,2779612.65200000,-7.20320418,600.45504480
296220.94500000,2779615.78800000,-7.16500000,600.47172000
296219.40000000,2779618.90200000,-7.35500000,600.48838080
296217.86500000,2779622.03400000,-7.30814807,600.50505600
296216.36900000,2779625.15100000,-7.22972230,600.52171680
296214.89100000,2779628.27200000,-7.44500000,600.53837760
296213.49300000,2779631.41800000,-7.47190902,600.55505280
296212.08000000,2779634.57100000,-7.47500000,600.57171360
296210.73600000,2779637.75300000,-7.46500000,600.58838880
296209.38600000,2779640.93000000,-7.37500000,600.60504960
296208.05100000,2779644.11600000,-7.36172726,600.62171040
296206.73700000,2779647.29600000,-7.39500000,600.63838560
296205.43100000,2779650.49200000,-7.43500000,600.65504640
296204.14500000,2779653.67600000,-7.41500000,600.67172160
296202.86800000,2779656.90100000,-7.40500000,600.68838240
296201.62200000,2779660.09800000,-7.37500000,600.70504320
296200.35300000,2779663.32100000,-7.38500000,600.72171840
296199.08200000,2779666.53400000,-7.37833333,600.73837920
296197.79100000,2779669.72600000,-7.43993153,600.75505440
296196.50400000,2779672.93000000,-7.23542241,600.77171520
296195.19000000,2779676.10600000,-7.31500000,600.78839040
296193.86900000,2779679.31000000,-7.29500000,600.80505120
296192.53700000,2779682.46500000,-7.31974981,600.82171199
296191.20100000,2779685.65800000,-7.30611161,600.83838720
296189.84400000,2779688.81600000,-7.27500000,600.85504800
296188.49100000,2779692.01700000,-7.27851847,600.87172320
296187.15300000,2779695.16600000,-7.22027770,600.88838400
296185.80400000,2779698.36300000,-7.22166667,600.90504480
296184.45300000,2779701.53900000,-7.34500000,600.92172000
296183.13100000,2779704.74700000,-7.47500000,600.93838079
296181.82400000,2779707.93800000,-7.43500000,600.95505600
296180.53400000,2779711.15700000,-7.46500000,600.97171680
296179.29000000,2779714.27200000,-7.42809098,600.98837760
296178.06300000,2779717.31400000,-7.42555540,601.00505280
296176.91300000,2779720.24200000,-7.41500000,601.02171360
296175.75500000,2779723.13400000,-7.41993148,601.03838880
296174.67900000,2779725.91400000,-7.45414186,601.05504961
296173.66800000,2779728.66900000,-7.42833333,601.07171040
296172.70900000,2779731.35100000,-7.47154549,601.08838560
296171.83800000,2779733.98400000,-7.50500000,601.10504640
296171.02700000,2779736.57000000,-7.53006847,601.12172160
296170.30400000,2779739.09400000,-7.53500000,601.13838240
296169.66900000,2779741.62000000,-7.51500000,601.15504320
296169.10100000,2779744.16700000,-7.52814807,601.17171841
296168.64600000,2779746.75900000,-7.60881805,601.18837920
296168.29200000,2779749.34900000,-7.51972230,601.20505440
296171.05200000,2779802.74400000,-10.56500000,601.53838560
296170.61900000,2779805.77400000,-10.56000000,601.55504640
296169.97700000,2779808.68500000,-10.86500000,601.57172160
296165.87700000,2779811.55700000,-10.07500000,601.60504320
296164.29200000,2779813.22900000,-11.20500000,601.62171840
296163.45700000,2779815.29700000,-11.34500000,601.63837920
296162.43200000,2779817.74400000,-11.37444460,601.65505440
296161.54400000,2779820.16600000,-11.09020542,601.67171520
296160.80500000,2779822.58300000,-11.35666620,601.68839040
296160.05000000,2779824.97600000,-10.78993148,601.70505120
296159.30100000,2779827.35100000,-10.22006847,601.72171200
296158.46600000,2779829.70700000,-10.08722159,601.73838719
296157.62200000,2779832.08700000,-9.79863628,601.75504800
296156.78000000,2779834.46500000,-9.62444460,601.77172320
296155.95400000,2779836.77600000,-9.51993153,601.78838400
296155.11000000,2779839.10800000,-9.28500000,601.80504480
296154.28700000,2779841.41100000,-9.25427241,601.82172000
296153.42700000,2779843.77000000,-9.16253426,601.83838080
296152.59500000,2779846.07700000,-9.11500000,601.85505599
296151.63200000,2779848.64400000,-9.18296260,601.87171680
296150.78400000,2779850.93600000,-9.07679582,601.88837760
296149.94200000,2779853.17900000,-9.06684055,601.90505280
296149.06900000,2779855.48900000,-9.02006852,601.92171360
296148.20100000,2779857.77500000,-8.91500000,601.93838880
296147.36400000,2779860.07300000,-8.91739440,601.95504960
296146.53600000,2779862.37100000,-8.85500000,601.97171040
296145.82400000,2779864.61400000,-8.80500000,601.98838560
296145.28400000,2779866.85100000,-8.80000000,602.00504640
296144.73200000,2779869.15800000,-8.77118195,602.02172160
296144.29000000,2779871.52000000,-8.70833333,602.03838240
296143.99900000,2779873.92900000,-8.65833333,602.05504320
296155.33200000,2779894.43400000,-7.99500000,602.42171040
296155.68100000,2779894.23900000,-7.98500000,602.43838560
296156.04300000,2779893.96500000,-8.04500000,602.45504640
296156.42600000,2779893.59800000,-8.06500000,602.47172160
296156.80100000,2779893.11200000,-8.06185193,602.48838240
296157.13400000,2779892.50400000,-8.10172726,602.50504320
296157.45700000,2779891.78800000,-8.10500000,602.52171840
296157.73600000,2779890.97300000,-8.14000000,602.53837920
296157.97700000,2779890.06800000,-8.19772744,602.55505440
296158.23700000,2779889.09300000,-8.18500000,602.57171520
296158.52300000,2779888.05100000,-8.20500000,602.58839040
296158.81600000,2779886.96200000,-8.22500000,602.60505120
296159.11900000,2779885.81700000,-8.25500000,602.62171200
296159.44300000,2779884.62200000,-8.28500000,602.63838720
296159.81400000,2779883.36600000,-8.35500000,602.65504800
296160.16800000,2779882.06300000,-8.32814820,602.67172320
296160.58800000,2779880.75200000,-8.36500000,602.68838400
296161.05100000,2779879.41100000,-8.40500000,602.70504480
296161.62900000,2779878.02700000,-8.46500000,602.72172000
296162.25200000,2779876.65200000,-8.48000000,602.73838080
296162.85300000,2779875.25200000,-8.52796307,602.75505600
296163.41400000,2779873.90300000,-8.56500000,602.77171680
296164.00900000,2779872.54500000,-8.61500000,602.78837760
296164.70200000,2779871.14400000,-8.67500000,602.80505280
296165.42700000,2779869.69000000,-8.76500000,602.82171360
296166.18800000,2779868.18800000,-8.78986105,602.83838880
296166.98700000,2779866.65800000,-8.85500000,602.85504960
296168.77900000,2779863.63900000,-9.02555540,602.88838560
296169.71800000,2779862.13800000,-9.11827270,602.90504640
296170.69600000,2779860.63000000,-9.25777795,602.92172160
296171.64300000,2779859.08000000,-9.38500000,602.93838240
296172.55800000,2779857.50900000,-9.38500000,602.95504320
296173.44900000,2779855.90800000,-9.52500000,602.97171840
296174.20700000,2779854.43700000,-9.59500000,602.98837920
296175.00400000,2779852.96000000,-9.81504212,603.00505440
296175.84800000,2779851.58700000,-9.69808042,603.02171520
296176.92100000,2779850.18700000,-10.00932021,603.03839040
296178.09200000,2779848.75700000,-10.06231069,603.05505120
296179.15600000,2779847.38500000,-10.24923388,603.07171200
296180.09400000,2779846.02500000,-10.31846400,603.08838720
296181.18600000,2779844.41300000,-10.47587540,603.10504800
296182.04800000,2779842.94500000,-10.51861707,603.12172320
296183.00200000,2779841.49100000,-10.58960780,603.13838400
296184.05500000,2779840.04600000,-10.74629204,603.15504481
296185.16000000,2779838.57400000,-10.76643100,603.17172000
296186.29700000,2779837.09500000,-10.89056965,603.18838080
296187.40800000,2779835.60300000,-10.83263399,603.20505600
296188.50000000,2779834.18700000,-10.88684764,603.22171680
296189.59000000,2779832.75600000,-10.75098677,603.23837760
296190.77600000,2779831.31400000,-10.65858062,603.25505280
296191.98700000,2779829.88500000,-10.65726428,603.27171360
296193.22200000,2779828.41800000,-10.66943822,603.28838880
296194.44900000,2779826.79800000,-10.54754208,603.30504960
296195.70400000,2779825.07100000,-10.36768092,603.32171040
296196.89900000,2779823.47000000,-10.40781988,603.33838560
296198.02800000,2779821.90500000,-10.51795872,603.35504640
296199.67600000,2779819.95300000,-10.64938714,603.37172160
296200.10900000,2779816.33300000,-10.45823652,603.38838240
296207.14600000,2779811.52900000,-10.19879212,603.45505440
296208.01100000,2779809.55000000,-9.86893096,603.47171520
296209.39100000,2779808.03700000,-9.73525161,603.48839040
296210.55500000,2779806.57900000,-9.53611795,603.50505120
296211.50900000,2779805.17700000,-9.52934760,603.52171200
296212.49700000,2779803.54300000,-9.24948656,603.53838720
296213.36300000,2779802.04300000,-9.02295873,603.55504800
296214.20900000,2779800.35500000,-8.84976436,603.57172320
296215.16600000,2779798.55600000,-8.59990320,603.58838400
296216.43900000,2779796.25700000,-8.34504204,603.60504479
296216.59800000,2779794.03800000,-8.22004395,603.62172000
296216.91600000,2779792.07300000,-8.09031984,603.63838080
296217.42300000,2779790.18500000,-7.98045880,603.65505600
296218.09400000,2779788.35900000,-7.90059764,603.67171680
296218.82500000,2779786.56800000,-7.82573648,603.68837760
296219.60600000,2779784.77700000,-7.75087544,603.70505280
296220.37500000,2779782.95500000,-7.71768099,603.72171359
296221.17700000,2779781.13100000,-7.68170904,603.73838880
296221.98500000,2779779.39000000,-7.69795874,603.75504960
296222.78200000,2779777.75100000,-7.60636244,603.77171040
296223.56500000,2779776.17600000,-7.58156987,603.78838560
296224.32200000,2779774.65700000,-7.61170871,603.80504640
296225.06200000,2779773.16900000,-7.58184767,603.82172160
296225.81300000,2779771.71700000,-7.56198651,603.83838241
296226.52200000,2779770.29400000,-7.53965962,603.85504320
296227.17800000,2779768.91200000,-7.52226431,603.87171840
296232.24700000,2779754.01000000,-7.42712537,604.05504480
296233.87600000,2779748.41200000,-7.44434763,604.12171680
296234.30300000,2779746.90000000,-7.40448647,604.13837760
296235.70700000,2779742.26000000,-7.37490323,604.18838880
296236.12300000,2779740.65100000,-7.33532770,604.20504960
296236.47000000,2779738.99900000,-7.33518091,604.22171040
296236.71600000,2779737.29200000,-7.33531987,604.23838560
296236.90800000,2779735.56500000,-7.41545871,604.25504640
296237.11000000,2779733.82900000,-7.32559767,604.27172160
296237.29400000,2779732.08600000,-7.34573651,604.28838240
296237.52400000,2779730.34200000,-7.28587535,604.30504320
296237.79400000,2779728.59800000,-7.27601431,604.32171840
296238.31700000,2779725.10400000,-7.29407052,604.35505440
296121.36600000,2779675.32100000,-6.23649839,605.33838720
296118.69400000,2779677.18200000,-6.20689901,605.35504800
296115.85000000,2779679.10600000,-6.19729135,605.37172320
296113.12600000,2779680.91000000,-6.19769197,605.38838400
296110.53500000,2779683.07200000,-6.16809261,605.40504480
296107.99700000,2779685.32200000,-6.15848494,605.42172000
296105.25700000,2779687.83500000,-6.14888557,605.43838080
296102.62400000,2779690.30500000,-6.12927790,605.45505600
296100.03000000,2779692.75700000,-6.12967853,605.47171680
296097.60000000,2779695.24200000,-6.14007915,605.48837760
296095.12400000,2779697.78500000,-6.10047149,605.50505280
296092.61000000,2779700.38600000,-6.11087212,605.52171360
296090.25200000,2779702.82000000,-6.10126445,605.53838880
296088.03600000,2779705.35400000,-6.09166508,605.55504960
296085.98300000,2779707.79100000,-6.09206571,605.57171040
296083.99900000,2779710.18700000,-6.07752656,605.58838560
296082.05500000,2779712.59500000,-6.10285867,605.60504640
296080.19700000,2779714.88100000,-6.06325100,605.62172160
296078.72800000,2779717.09400000,-6.08872011,605.63838240
296077.34100000,2779719.12800000,-6.06405226,605.65504320
296075.71900000,2779721.40300000,-6.06444459,605.67171840
296074.07200000,2779723.73900000,-6.07484522,605.68837920
296072.49700000,2779726.08100000,-6.05523755,605.70505440
296071.31500000,2779728.46700000,-6.05563818,605.72171520
296069.93100000,2779730.93200000,-6.04603051,605.73839040
296068.32500000,2779733.13700000,-6.04643115,605.75505120
296066.49300000,2779735.01900000,-6.02683177,605.77171200
296065.44800000,2779736.89100000,-6.01722411,605.78838720
296064.00300000,2779739.28300000,-6.01762473,605.80504800
296062.72400000,2779741.66300000,-5.99801707,605.82172320
296061.51200000,2779743.94500000,-5.99841769,605.83838400
296060.49500000,2779746.43500000,-5.98881833,605.85504480
296059.64600000,2779749.00400000,-5.96921066,605.87172000
296058.62600000,2779751.56200000,-5.96961129,605.88838080
296057.65300000,2779753.99900000,-5.95000362,605.90505600
296056.51100000,2779756.26500000,-5.95040425,605.92171680
296055.39700000,2779758.75500000,-5.94080487,605.93837761
296054.26600000,2779761.44000000,-5.92119721,605.95505280
296053.09700000,2779764.28700000,-5.91159784,605.97171360
296051.90200000,2779767.19000000,-5.89199017,605.98838880
296050.49400000,2779770.34600000,-5.89239080,606.00504960
296049.37100000,2779773.46800000,-5.88279143,606.02171040
296048.42600000,2779776.62200000,-5.86318376,606.03838560
296047.45300000,2779780.48300000,-5.86358439,606.05504640
296046.89500000,2779784.02400000,-5.82397672,606.07172160
296075.02800000,2779807.04600000,-5.32072934,606.35505600
296077.18200000,2779805.94300000,-5.34112997,606.37171680
296079.40400000,2779804.68200000,-5.37153060,606.38837759
296081.61800000,2779803.46400000,-5.41192293,606.40505280
296083.84500000,2779802.13900000,-5.45232356,606.42171360
296086.01200000,2779800.75100000,-5.48271589,606.43838880
296088.11700000,2779799.22400000,-5.51311652,606.45504960
296090.15600000,2779797.73200000,-5.55366649,606.47145120
296091.98100000,2779796.53000000,-5.59390948,606.48838560
296094.01400000,2779795.02900000,-5.61431011,606.50504639
296096.03100000,2779793.57700000,-5.64470244,606.52172160
296098.02000000,2779792.08700000,-5.67510307,606.53838240
296099.97200000,2779790.53200000,-5.67550370,606.55504320
296101.89800000,2779788.97100000,-5.68589603,606.57171840
296103.79500000,2779787.31700000,-5.68629666,606.58837920
296105.62900000,2779785.61200000,-5.69668899,606.60505440
296107.37800000,2779783.88000000,-5.69708963,606.62171519
296109.08300000,2779782.04600000,-5.69748195,606.63839040
296110.77700000,2779780.29500000,-5.70788259,606.65505120
296112.47500000,2779778.57600000,-5.69828321,606.67171200
296114.13500000,2779776.77800000,-5.68867555,606.68838720
296115.74000000,2779774.92100000,-5.66907617,606.70504800
296117.43600000,2779773.03900000,-5.64946851,606.72172320
296119.04300000,2779771.09700000,-5.63986914,606.73838401
296120.63700000,2779769.14900000,-5.62026977,606.75504480
296122.25600000,2779767.18000000,-5.61066210,606.77172000
296123.60800000,2779764.98100000,-5.60106273,606.78838080
296124.90000000,2779762.90300000,-5.58145506,606.80505600
296125.66100000,2779759.51300000,-5.56185569,606.82171680
296126.95700000,2779756.55200000,-5.55225632,606.83837760
296128.52800000,2779753.62000000,-5.52758013,606.85505281
296130.23900000,2779750.42000000,-5.50304928,606.87171360
296132.01300000,2779747.95000000,-5.49344161,606.88838880
296133.68000000,2779745.92800000,-5.47384224,606.90504960
296135.78400000,2779743.69100000,-5.45424287,606.92171040
296137.54900000,2779741.85900000,-5.44463520,606.93838560
296139.35300000,2779740.48700000,-5.42503584,606.95504640
296141.07800000,2779738.92700000,-5.40542816,606.97172160
296142.66200000,2779737.25600000,-5.38582880,606.98838240
296144.20300000,2779735.47400000,-5.37622942,607.00504320
296145.72000000,2779733.61500000,-5.36662176,607.02171840
296147.22800000,2779731.65000000,-5.33702238,607.03837920
296148.75700000,2779729.66400000,-5.32741472,607.05505440
296150.27400000,2779727.66400000,-5.30781535,607.07171520
296151.82500000,2779725.67600000,-5.29820768,607.08839040
296153.36900000,2779723.68400000,-5.27860831,607.10505120
296154.91100000,2779721.68600000,-5.25900894,607.12171200
296156.42900000,2779719.65100000,-5.23940127,607.13838720
296157.90700000,2779717.62100000,-5.22980190,607.15504800
296159.37000000,2779715.58700000,-5.22019423,607.17172320
296160.83300000,2779713.53600000,-5.21059486,607.18838400
296162.25900000,2779711.45900000,-5.19099549,607.20504480
296163.66700000,2779709.35100000,-5.19138782,607.22172000
296165.01800000,2779707.22600000,-5.17178845,607.23838080
296166.32200000,2779705.07600000,-5.15218078,607.25505600
296167.64800000,2779702.90300000,-5.14258141,607.27171680
296168.94700000,2779700.71200000,-5.12298204,607.28837760
296170.25800000,2779698.52700000,-5.12337438,607.30505279
296171.55600000,2779696.34600000,-5.11377500,607.32171360
296172.86000000,2779694.15400000,-5.10416734,607.33838880
296174.11900000,2779691.95500000,-5.09456796,607.35504960
296175.36100000,2779689.72700000,-5.08496859,607.37171040
296176.58500000,2779687.43900000,-5.07536092,607.38838560
296177.79400000,2779685.14600000,-5.05576156,607.40504640
296179.00200000,2779682.84900000,-5.04615389,607.42172159
296180.20600000,2779680.56100000,-5.03655452,607.43838240
296181.39200000,2779678.28100000,-5.02695514,607.45504320
296182.56600000,2779676.01200000,-5.01734748,607.47171840
296183.73400000,2779673.73600000,-5.00774810,607.48837920
296184.90200000,2779671.45500000,-4.99814044,607.50505440
296186.10000000,2779669.16900000,-4.98854107,607.52171520
296187.31800000,2779666.87400000,-4.96893340,607.53839039
296188.54800000,2779664.57400000,-4.95933403,607.55505120
296189.79200000,2779662.26900000,-4.94973466,607.57171200
296191.03900000,2779659.96600000,-4.94012699,607.58838720
296192.29700000,2779657.67000000,-4.93052762,607.60504800
296193.57200000,2779655.38300000,-4.92091995,607.62172320
296194.85600000,2779653.10200000,-4.91132058,607.63838400
296196.16300000,2779650.83100000,-4.89172121,607.65504480
296197.48200000,2779648.58600000,-4.89211354,607.67172000
296198.81000000,2779646.34800000,-4.88251417,607.68838080
296200.14700000,2779644.11200000,-4.87290650,607.70505600
296201.44300000,2779641.86200000,-4.86330713,607.72171680
296202.69200000,2779639.60900000,-4.85370776,607.73837760
296203.90200000,2779637.32300000,-4.85410010,607.75505280
296205.07000000,2779634.99600000,-4.83450072,607.77171360
296206.23500000,2779632.64800000,-4.82489306,607.78838880
296207.38400000,2779630.29000000,-4.81529368,607.80504960
296208.51800000,2779627.93100000,-4.80569431,607.82171040
296209.65200000,2779625.57600000,-4.78608664,607.83838560
296210.78700000,2779623.22600000,-4.78648728,607.85504640
296211.92400000,2779620.87500000,-4.77687961,607.87172160
296213.04800000,2779618.52500000,-4.76728024,607.88838240
296214.16300000,2779616.18700000,-4.76768086,607.90504320
296215.25100000,2779613.85300000,-4.75807320,607.92171840
296216.31400000,2779611.50600000,-4.74847382,607.93837920
296217.39100000,2779609.15600000,-4.72886616,607.95505440
296218.48900000,2779606.79500000,-4.71926679,607.97171520
296219.61800000,2779604.44400000,-4.70965912,607.98839040
296220.79000000,2779602.11500000,-4.70005975,608.00505120
296222.01900000,2779599.80700000,-4.69046038,608.02171200
296223.29800000,2779597.51700000,-4.69085271,608.03838720
296224.62200000,2779595.26200000,-4.68125334,608.05504800
296226.00100000,2779593.04300000,-4.66164567,608.07172320
296227.42400000,2779590.85300000,-4.65204630,608.08838400
296228.92000000,2779588.68600000,-4.64244693,608.10504480
296230.47700000,2779586.55100000,-4.63283926,608.12172000
296232.09800000,2779584.45000000,-4.62323989,608.13838080
296233.77600000,2779582.37500000,-4.61363222,608.15505600
296235.49900000,2779580.33200000,-4.60403285,608.17171680
296237.25400000,2779578.31800000,-4.59443348,608.18837760
296239.04200000,2779576.32800000,-4.59482582,608.20505280
296240.86600000,2779574.35500000,-4.58522644,608.22171360
296242.71600000,2779572.39100000,-4.57561878,608.23838880
296244.59400000,2779570.43100000,-4.56601940,608.25504960
296246.48700000,2779568.46500000,-4.54642003,608.27171040
296248.40800000,2779566.48800000,-4.53681236,608.28838560
296250.34400000,2779564.51200000,-4.52721300,608.30504640
296252.25700000,2779562.52400000,-4.51760533,608.32172160
296254.12500000,2779560.52900000,-4.51800596,608.33838240
296255.92900000,2779558.51100000,-4.51840658,608.35504320
296257.67500000,2779556.47000000,-4.49879892,608.37171840
296259.38100000,2779554.39900000,-4.48919954,608.38837920
296261.05700000,2779552.28800000,-4.47959188,608.40505440
296262.70000000,2779550.13000000,-4.46999251,608.42171520
296264.26900000,2779547.92000000,-4.46038484,608.43839040
296265.78400000,2779545.67900000,-4.46078547,608.45505120
296267.23600000,2779543.40100000,-4.44118610,608.47171200
296268.67800000,2779541.12500000,-4.43157843,608.48838720
296270.11800000,2779538.85600000,-4.42197906,608.50504800
296271.54400000,2779536.58800000,-4.40237139,608.52172320
296272.97500000,2779534.31600000,-4.39277202,608.53838400
296274.42500000,2779532.03600000,-4.38317265,608.55504480
296275.90600000,2779529.75800000,-4.37356498,608.57172000
296277.37300000,2779527.48800000,-4.37396561,608.58838080
296278.83100000,2779525.22500000,-4.36435794,608.60505600
296280.26100000,2779522.96200000,-4.35475857,608.62171680
296281.66800000,2779520.69400000,-4.34515921,608.63837760
296283.07400000,2779518.41600000,-4.33555154,608.65505280
296284.49000000,2779516.12500000,-4.32595217,608.67171360
296285.88500000,2779513.80500000,-4.31634450,608.68838880
296287.25600000,2779511.45000000,-4.29674513,608.70504960
296288.63100000,2779509.08500000,-4.29714575,608.72171041
296289.98200000,2779506.71300000,-4.28753809,608.73838560
296291.34000000,2779504.35200000,-4.27793872,608.75504640
296292.69400000,2779501.99400000,-4.27833105,608.77172160
296294.05200000,2779499.64800000,-4.26873168,608.78838240
296295.38600000,2779497.28700000,-4.24913231,608.80504320
296296.72500000,2779494.92200000,-4.23952464,608.82171840
296298.04000000,2779492.54100000,-4.22992527,608.83837920
296299.33300000,2779490.13600000,-4.22031760,608.85505440
296300.58600000,2779487.71300000,-4.21071823,608.87171520
296301.81300000,2779485.28100000,-4.20111056,608.88839040
296303.00300000,2779482.85200000,-4.19657967,608.90505120
296304.16800000,2779480.42900000,-4.19191182,608.92171200
296305.28600000,2779477.99600000,-4.18230415,608.93838720
296306.35400000,2779475.53500000,-4.17270478,608.95504800
296307.41200000,2779473.04800000,-4.15309711,608.97172320
296308.47400000,2779470.53300000,-4.14349775,608.98838400
296309.55900000,2779468.00600000,-4.13388997,609.00504480
296310.67700000,2779465.48400000,-4.12425451,609.02172000
296311.80900000,2779462.97500000,-4.11462737,609.03838080
296312.95200000,2779460.47100000,-4.10499191,609.05505600
296314.12300000,2779457.99200000,-4.09536477,609.07171680
296315.33200000,2779455.54500000,-4.08573764,609.08837760
296316.59200000,2779453.13100000,-4.08610218,609.10505280
296317.87400000,2779450.72400000,-4.06647504,609.12171360
296319.23300000,2779448.32900000,-4.05683958,609.13838880
296320.62300000,2779445.91700000,-4.03721244,609.15504960
296322.02900000,2779443.51600000,-4.02758531,609.17171040
296323.38200000,2779441.26100000,-4.00794984,609.18838560
296324.65300000,2779439.19800000,-3.98832271,609.20504640
296325.88700000,2779437.19500000,-3.97868725,609.22172160
296327.11700000,2779435.22200000,-3.97412858,609.23838240
296328.33400000,2779433.25700000,-3.97943297,609.25504320
296329.50500000,2779431.30100000,-3.96979751,609.27171840
296330.66900000,2779429.37500000,-3.96017037,609.28837919
296331.84000000,2779427.45500000,-3.96053491,609.30505440
296332.97800000,2779425.52300000,-3.95090777,609.32171520
296334.10300000,2779423.58800000,-3.93127232,609.33839040
296335.19700000,2779421.65900000,-3.93164517,609.35505120
296336.25000000,2779419.72700000,-3.92201803,609.37171200
296337.28800000,2779417.79500000,-3.91238258,609.38838720
296338.29800000,2779415.86700000,-3.91275544,609.40504799
296339.27600000,2779413.98800000,-3.90311998,609.42172320
296340.23600000,2779412.15000000,-3.88349284,609.43838400
296341.17200000,2779410.34500000,-3.87386570,609.45504480
296342.08900000,2779408.57200000,-3.85423024,609.47172000
296342.98300000,2779406.83300000,-3.85460310,609.48838080
296343.85300000,2779405.12700000,-3.84496764,609.50505600
296344.71900000,2779403.46600000,-3.84534050,609.52171681
296345.57900000,2779401.82000000,-3.83571337,609.53837760
296346.45600000,2779400.19300000,-3.82607791,609.55505280
296347.35500000,2779398.57200000,-3.80645077,609.57171360
296348.25600000,2779396.94700000,-3.79681531,609.58838880
296349.16500000,2779395.32400000,-3.78718817,609.60504960
296350.07500000,2779393.70800000,-3.78756103,609.62171040
296351.64000000,2779392.81700000,-3.77792557,609.63838561
296352.61400000,2779391.48600000,-3.76829844,609.65504640
296353.57600000,2779389.91700000,-3.75866298,609.67172160
296354.50500000,2779388.43300000,-3.74903584,609.68838240
296355.50600000,2779386.89500000,-3.73940870,609.70504320
296356.58300000,2779385.33100000,-3.71977324,609.72171840
296357.65400000,2779383.77300000,-3.71014610,609.73837920
296358.66600000,2779382.10100000,-3.70051064,609.75505440
296359.67000000,2779380.50700000,-3.70088350,609.77171520
296360.89400000,2779378.77500000,-3.69124804,609.78839040
296362.02500000,2779377.08900000,-3.67162090,609.80505120
296363.13300000,2779375.49900000,-3.66199376,609.82171200
296364.19600000,2779373.96800000,-3.64235830,609.83838720
296365.23800000,2779372.49600000,-3.63273117,609.85504800
296366.25800000,2779371.07400000,-3.62309570,609.87172320
296367.26300000,2779369.70400000,-3.62346857,609.88838400
296368.25800000,2779368.36900000,-3.61384143,609.90504480
296369.23800000,2779367.07100000,-3.59420597,609.92172000
296370.23400000,2779365.79000000,-3.58457883,609.93838080
296371.29000000,2779364.58600000,-3.57494337,609.95505600
296372.34400000,2779363.32300000,-3.57531624,609.97171680
296373.40300000,2779362.22800000,-3.57568910,609.98837760
296374.33000000,2779360.79800000,-3.58112211,610.00505280
296375.29400000,2779359.40300000,-3.56642650,610.02171360
296376.34500000,2779358.13900000,-3.53679104,610.03838880
296377.59400000,2779357.03600000,-3.52716390,610.05504960
296396.63800000,2779375.20700000,-3.21307144,610.32172319
296396.30600000,2779377.78000000,-3.21344430,610.33838400
296395.75100000,2779380.37300000,-3.21381716,610.35504480
296395.01300000,2779383.02900000,-3.20418170,610.37172000
296394.13800000,2779385.82200000,-3.22455456,610.38838080
296393.22200000,2779388.65700000,-3.21491910,610.40505600
296392.22500000,2779391.51700000,-3.22529197,610.42171680
296391.13500000,2779394.53200000,-3.22566483,610.43837760
296389.95600000,2779397.47200000,-3.24602937,610.45505280
296388.81200000,2779400.49800000,-3.25640223,610.47171360
296387.75900000,2779403.58900000,-3.25183524,610.48838880
296386.64900000,2779406.65600000,-3.25713963,610.50504960
296385.48100000,2779409.83300000,-3.26751249,610.52171040
296384.39100000,2779412.99300000,-3.25787703,610.53838560
296383.31700000,2779416.25800000,-3.26824989,610.55504640
296382.23200000,2779419.50400000,-3.26861443,610.57172160
296381.11300000,2779423.02300000,-3.27898729,610.58838240
296380.10200000,2779426.34800000,-3.27936015,610.60504320
296379.19300000,2779429.68300000,-3.26972469,610.62171840
296378.04000000,2779432.87900000,-3.26009756,610.63837920
296376.72200000,2779436.03700000,-3.24046210,610.65505440
296375.31100000,2779439.05300000,-3.22083496,610.67171520
296373.65000000,2779442.03400000,-3.20119950,610.68839040
296371.79500000,2779444.78800000,-3.20157236,610.70505120
296369.85100000,2779447.52900000,-3.18194522,610.72171200
296367.87800000,2779450.12200000,-3.17230976,610.73838720
296365.80600000,2779452.76300000,-3.16268263,610.75504800
296363.57700000,2779455.39400000,-3.15304717,610.77172320
296361.37600000,2779457.95300000,-3.14342003,610.78838400
296359.37700000,2779460.73600000,-3.13379289,610.80504480
296357.20800000,2779463.40200000,-3.12415743,610.82172000
296355.02800000,2779466.05800000,-3.11453029,610.83838080
296352.92100000,2779468.78100000,-3.11489483,610.85505600
296350.83100000,2779471.55100000,-3.08526769,610.87171680
296348.75200000,2779474.34500000,-3.09070903,610.88837760
296346.67000000,2779477.12500000,-3.06600510,610.90505280
296344.61300000,2779479.96700000,-3.05637795,610.92171360
296342.57100000,2779482.82100000,-3.05674250,610.93838880
296340.57800000,2779485.70900000,-3.03711536,610.95504960
296338.62400000,2779488.62500000,-3.04748822,610.97171040
296336.73300000,2779491.41500000,-3.01785276,610.98838560
296334.77800000,2779494.27400000,-3.00822562,611.00504640
296332.80100000,2779497.06000000,-2.98859016,611.02172160
296330.64200000,2779499.97700000,-2.96896302,611.03838240
296328.28900000,2779502.50900000,-2.95933588,611.05504320
296325.92100000,2779505.00600000,-2.94970042,611.07171840
296323.54300000,2779507.47400000,-2.94007329,611.08837920
296321.10300000,2779509.90000000,-2.93043783,611.10505440
296318.63900000,2779512.30200000,-2.92081069,611.12171520
296316.16800000,2779514.54100000,-2.91117523,611.13839040
296313.78600000,2779516.95100000,-2.90154809,611.15505120
296311.38000000,2779519.33000000,-2.89192095,611.17171200
296308.96100000,2779521.81400000,-2.89228549,611.18838720
296306.53200000,2779524.24500000,-2.87265836,611.20504800
296304.23600000,2779526.75300000,-2.87302290,611.22172320
296302.00200000,2779529.29600000,-2.85339576,611.23838400
296299.83400000,2779531.94700000,-2.85376862,611.25504480
296297.74100000,2779534.66700000,-2.83920168,611.27172000
296295.71400000,2779537.45800000,-2.83450602,611.28838080
296293.81800000,2779540.41400000,-2.81487056,611.30505600
296291.83700000,2779543.35400000,-2.80524342,611.32171680
296289.91200000,2779546.34900000,-2.78561628,611.33837760
296287.90300000,2779549.29500000,-2.77598082,611.35505280
296285.88200000,2779552.26100000,-2.77635368,611.37171360
296283.89200000,2779555.11300000,-2.75671822,611.38838880
296281.82900000,2779557.99600000,-2.75709108,611.40504960
296279.69700000,2779560.92000000,-2.73746395,611.42171040
296277.59200000,2779563.90500000,-2.72782849,611.43838560
296275.49200000,2779566.86600000,-2.71820135,611.45504640
296273.37100000,2779569.82700000,-2.71856589,611.47172160
296271.27200000,2779572.66400000,-2.70893875,611.48838240
296269.24100000,2779575.59800000,-2.70931161,611.50504321
296267.32200000,2779578.55600000,-2.68967615,611.52171840
296265.29500000,2779581.65100000,-2.70004902,611.53837920
296263.36600000,2779584.68000000,-2.67041356,611.55505440
296261.41100000,2779587.71500000,-2.67078642,611.57171520
296259.48700000,2779590.81000000,-2.65115096,611.58839040
296257.60000000,2779593.88400000,-2.64152382,611.60505120
296255.76900000,2779596.93700000,-2.63189668,611.62171200
296253.97800000,2779599.95100000,-2.62226122,611.63838720
296252.27700000,2779603.05600000,-2.61263408,611.65504800
296250.57400000,2779606.12400000,-2.60299863,611.67172320
296248.86400000,2779609.22900000,-2.59337148,611.68838400
296247.15300000,2779612.24700000,-2.57374434,611.70504480
296245.43600000,2779615.29500000,-2.57410889,611.72172000
296243.70700000,2779618.25800000,-2.56448175,611.73838080
296241.88000000,2779621.20100000,-2.55484629,611.75505600
296240.08500000,2779624.13700000,-2.54521915,611.77171680
296238.26900000,2779627.20700000,-2.53559201,611.78837760
296236.59800000,2779630.29400000,-2.52595655,611.80505280
296234.84100000,2779633.32700000,-2.51632941,611.82171360
296233.07500000,2779636.26100000,-2.49669395,611.83838880
296231.30000000,2779639.25100000,-2.50706681,611.85504960
296229.53000000,2779642.21600000,-2.47743968,611.87171040
296227.76400000,2779645.31200000,-2.48780422,611.88838560
296226.07100000,2779648.34700000,-2.45817708,611.90504640
296224.31200000,2779651.39300000,-2.45854162,611.92172160
296222.61000000,2779654.33100000,-2.43891448,611.93838240
296220.82200000,2779657.31000000,-2.42928734,611.95504320
296219.04900000,2779660.22800000,-2.41965188,611.97171840
296217.16700000,2779663.25100000,-2.41002475,611.98837920
296215.34700000,2779666.15900000,-2.41038929,612.00505440
296213.51700000,2779669.10000000,-2.40076215,612.02171520
296211.76900000,2779672.08300000,-2.39112669,612.03839040
296210.01000000,2779675.09900000,-2.38149955,612.05505120
296208.27400000,2779678.11100000,-2.37187241,612.07171199
296206.54000000,2779681.14900000,-2.35223695,612.08838720
296204.66600000,2779683.93000000,-2.35260981,612.10504800
296202.93500000,2779686.88300000,-2.33297435,612.12172320
296201.15800000,2779689.84300000,-2.33334721,612.13838400
296199.32300000,2779692.81900000,-2.31372007,612.15504480
296197.38300000,2779695.75200000,-2.30408461,612.17172000
296195.42800000,2779698.59800000,-2.28445748,612.18838079
296193.47900000,2779701.44100000,-2.28482201,612.20505600
296191.53100000,2779704.27600000,-2.27519488,612.22171680
296189.58200000,2779707.30700000,-2.27556774,612.23837760
296187.61600000,2779710.15700000,-2.25593228,612.25505280
296185.69800000,2779713.05900000,-2.24630514,612.27171360
296183.79600000,2779715.81600000,-2.22666968,612.28838880
296181.91700000,2779718.77600000,-2.23704254,612.30504961
296179.94500000,2779721.65600000,-2.21741541,612.32171040
296177.92800000,2779724.46200000,-2.20777995,612.33838560
296175.96100000,2779727.27100000,-2.19815281,612.35504640
296173.83600000,2779730.09800000,-2.18851735,612.37172160
296171.71900000,2779732.88200000,-2.16889021,612.38838240
296169.42200000,2779735.44400000,-2.15926307,612.40504320
296167.02900000,2779738.10300000,-2.14962761,612.42171841
296164.63800000,2779740.81200000,-2.15000047,612.43837920
296162.27200000,2779743.41900000,-2.13036502,612.45505440
296159.98000000,2779746.00600000,-2.11073787,612.47171520
296157.67400000,2779748.55700000,-2.11110242,612.48839040
296155.52900000,2779751.27300000,-2.11147528,612.50505120
296153.62400000,2779754.04900000,-2.10184814,612.52171200
296152.04600000,2779756.80700000,-2.09221268,612.53838720
296150.59400000,2779762.00900000,-2.04295008,612.57172320
296162.73000000,2779782.09100000,-1.58739114,612.77171040
296163.86800000,2779781.23800000,-1.52775568,612.78838560
296164.95000000,2779780.13200000,-1.50812854,612.80504640
296165.96100000,2779778.73200000,-1.49849308,612.82172160
296166.61500000,2779776.79100000,-1.50886594,612.83838240
296167.08400000,2779774.44700000,-1.52923880,612.85504320
296168.09600000,2779772.53800000,-1.58960334,612.87171840
296169.06500000,2779770.46800000,-1.61997620,612.88837920
296169.99300000,2779768.32100000,-1.66034074,612.90505440
296170.95300000,2779766.16800000,-1.71071360,612.92171520
296171.92800000,2779764.01600000,-1.73628361,612.93839040
296172.75800000,2779761.58400000,-1.78145100,612.95505120
296174.09100000,2779759.86300000,-1.82182387,612.97171200
296175.52500000,2779758.19300000,-1.86218841,612.98838719
296177.05300000,2779756.43100000,-1.88256127,613.00504800
296178.75700000,2779754.69900000,-1.87292581,613.02172320
296180.67400000,2779753.11600000,-1.90209216,613.04047200
296182.66800000,2779751.56200000,-1.92613729,613.05504480
296184.68000000,2779749.99200000,-1.95403607,613.07172000
296186.71100000,2779748.35000000,-1.96440894,613.08838080
296188.71900000,2779746.70100000,-1.94477348,613.10505599
296190.75600000,2779745.10100000,-1.95514634,613.12171680
296193.03400000,2779743.27600000,-1.96551920,613.13837760
296195.05500000,2779741.45700000,-1.96588374,613.15505280
296196.84800000,2779739.52600000,-1.96625660,613.17171360
296198.29200000,2779737.54800000,-1.96662114,613.18838880
296199.44000000,2779735.46900000,-1.91699400,613.20504960
296200.37500000,2779733.36900000,-1.89736686,613.22171040
296201.34700000,2779731.14600000,-1.87773141,613.23838560
296202.34500000,2779728.86600000,-1.84810426,613.25504640
296203.36600000,2779726.63300000,-1.83846881,613.27172160
296204.41500000,2779724.40900000,-1.80884167,613.28838240
296205.50000000,2779722.27400000,-1.77921453,613.30504320
296206.77200000,2779720.17200000,-1.77957907,613.32171840
296208.17500000,2779718.01900000,-1.75995193,613.33837920
296209.60000000,2779715.89300000,-1.75031647,613.35505440
296210.93200000,2779713.90900000,-1.74068933,613.37171520
296212.36500000,2779711.82000000,-1.72105387,613.38839040
296213.80500000,2779709.73400000,-1.72142673,613.40505120
296215.19000000,2779707.59600000,-1.70179960,613.42171200
296216.50900000,2779705.41200000,-1.70216414,613.43838720
296217.71700000,2779703.17100000,-1.68253700,613.45504800
296218.88100000,2779700.89900000,-1.66290154,613.47172320
296220.02200000,2779698.62300000,-1.65327440,613.48838400
296221.18700000,2779696.36000000,-1.64364726,613.50504480
296222.37700000,2779694.11100000,-1.63401180,613.52172000
296223.54700000,2779691.85600000,-1.62438467,613.53838080
296224.72300000,2779689.62200000,-1.60474921,613.55505600
296225.95500000,2779687.41200000,-1.58512207,613.57171680
296227.24000000,2779685.23000000,-1.56549493,613.58837760
296228.60700000,2779683.06100000,-1.54585947,613.60505280
296230.03100000,2779680.90700000,-1.53623233,613.62171360
296231.51500000,2779678.77500000,-1.53399408,613.63838880
296233.01400000,2779676.66300000,-1.51696973,613.65504960
296234.52000000,2779674.56800000,-1.48734259,613.67171040
296236.06800000,2779672.51600000,-1.48770713,613.68838560
296237.48800000,2779670.41400000,-1.47807999,613.70504640
296238.77800000,2779668.26100000,-1.45844453,613.72172160
296239.89700000,2779666.02200000,-1.45881739,613.73838240
296240.79900000,2779663.70100000,-1.43919026,613.75504320
296241.55300000,2779661.34200000,-1.40955480,613.77171840
296242.31200000,2779658.98200000,-1.39992766,613.78837920
296243.06100000,2779656.60300000,-1.38029220,613.80505440
296243.81500000,2779654.21000000,-1.37066506,613.82171520
296244.61100000,2779651.79900000,-1.34102960,613.83839040
296245.53200000,2779649.40300000,-1.33400525,613.85505120
296246.58600000,2779647.03100000,-1.33177533,613.87171200
296247.68400000,2779644.67600000,-1.33213987,613.88838720
296248.84600000,2779642.34000000,-1.30251273,613.90504800
296250.16000000,2779640.10300000,-1.28287727,613.92172320
296251.37500000,2779637.59700000,-1.26325013,613.93838400
296252.99600000,2779635.69700000,-1.26362299,613.95504480
296254.71000000,2779633.83100000,-1.25398753,613.97172000
296256.46800000,2779631.95500000,-1.23436039,613.98838080
296258.32200000,2779630.11600000,-1.22472494,614.00505600
296260.17100000,2779628.24700000,-1.23509779,614.02171680
296261.96000000,2779626.32800000,-1.23547065,614.03837760
296263.59700000,2779624.31600000,-1.21583520,614.05505280
296269.52000000,2779615.97800000,-1.54914476,614.12171040
296273.63300000,2779609.56400000,-6.93207080,614.17172160
296274.94000000,2779607.50100000,-6.94958924,614.18838240
296276.23000000,2779605.58000000,-7.01970031,614.20504320
296277.42300000,2779603.71400000,-6.97721868,614.22171840
296278.55400000,2779601.86500000,-6.94992255,614.23837920
296279.69500000,2779600.05500000,-7.00003372,614.25505440
296280.75500000,2779598.27200000,-7.06014479,614.27171520
296281.78600000,2779596.50200000,-6.96595005,614.28839040
296282.75900000,2779594.75400000,-7.02296982,614.30505120
296283.74500000,2779593.04600000,-7.11411438,614.32171200
296284.72100000,2779591.33500000,-6.91836485,614.33838720
296285.72800000,2779589.64600000,-7.08590577,614.35504800
296286.74900000,2779587.92300000,-7.10136691,614.37172320
296287.79100000,2779586.21000000,-7.04612816,614.38838400
296288.81700000,2779584.49800000,-7.11603366,614.40504481
296289.84900000,2779582.78100000,-7.11769023,614.42172000
296290.94500000,2779581.10900000,-7.10125590,614.43838080
296292.03000000,2779579.44200000,-7.07136707,614.45505600
296293.12400000,2779577.79300000,-7.12147814,614.47171680
296294.27900000,2779576.16000000,-7.13158921,614.48837760
296295.44100000,2779574.52600000,-7.12170038,614.50505280
296296.67200000,2779572.91500000,-7.10199335,614.52171360
296297.91400000,2779571.30900000,-7.09192262,614.53838880
296299.17700000,2779569.70800000,-7.13944089,614.55504960
296300.39900000,2779568.08600000,-7.15479229,614.57171040
296301.61800000,2779566.50900000,-7.15910773,614.58838560
296302.75100000,2779564.89900000,-7.18736700,614.60504640
296303.84300000,2779563.25200000,-7.17211438,614.62172160
296304.90600000,2779561.56500000,-7.19258924,614.63838240
296305.90600000,2779559.86200000,-7.16936698,614.65504320
296306.89400000,2779558.11700000,-7.19735660,614.67171840
296307.86800000,2779556.38800000,-7.22205499,614.68837920
296308.86400000,2779554.66800000,-7.18303372,614.70505440
296309.84700000,2779552.91500000,-7.19064480,614.72171520
296310.86900000,2779551.13600000,-7.23325597,614.73839040
296311.90600000,2779549.31900000,-7.16336704,614.75505120
296312.95400000,2779547.48300000,-7.14347811,614.77171200
296314.00600000,2779545.62500000,-7.26673748,614.78838720
296315.04300000,2779543.79000000,-7.16870035,614.80504800
296316.09500000,2779541.97200000,-7.16408922,614.82172320
296317.14000000,2779540.18400000,-7.16808889,614.83838400
296318.14500000,2779538.37700000,-7.12403366,614.85504479
296319.21500000,2779536.55200000,-7.13886693,614.87172000
296320.34200000,2779534.71700000,-7.11758924,614.88838080
296321.47100000,2779532.86200000,-7.11436707,614.90505600
296322.56100000,2779531.01000000,-7.13927272,614.92171680
296323.59000000,2779529.16500000,-7.13458922,614.93837760
296324.58800000,2779527.31800000,-7.08470038,614.95505280
296325.53200000,2779525.46200000,-7.12481146,614.97171359
296326.43100000,2779523.59300000,-7.14492262,614.98838880
296327.26900000,2779521.71100000,-7.12742809,615.00504960
296328.07400000,2779519.80600000,-7.14514477,615.02171040
296328.86900000,2779517.90100000,-7.12470054,615.03838560
296329.71900000,2779515.99500000,-7.13036701,615.05504640
296330.56500000,2779514.09300000,-7.16547818,615.07172160
296331.53300000,2779512.25600000,-7.16106891,615.08838241
296332.47200000,2779510.41200000,-7.14816606,615.10504320
296333.45100000,2779508.56300000,-7.15581149,615.12171840
296334.38600000,2779506.71200000,-7.05258923,615.13837920
296335.30500000,2779504.85400000,-7.17603373,615.15505440
296336.12300000,2779502.97800000,-7.22628175,615.17171520
296336.92200000,2779501.08400000,-7.17273737,615.18839040
296337.66600000,2779499.18100000,-7.17636704,615.20505121
296338.37000000,2779497.26200000,-7.17647811,615.22171200
296339.06600000,2779495.32800000,-7.16344108,615.23838720
296339.80700000,2779493.38700000,-7.18670035,615.25504800
296340.58800000,2779491.43300000,-7.19681152,615.27172320
296341.41600000,2779489.46600000,-7.17321872,615.28838400
296342.27500000,2779487.50200000,-7.18703366,615.30504480
296343.12400000,2779485.52700000,-7.19714483,615.32172001
296344.02600000,2779483.57200000,-7.19380139,615.33838080
296344.92800000,2779481.63300000,-7.18736707,615.35505600
296345.83500000,2779479.69700000,-7.18402363,615.37171680
296346.78100000,2779477.77300000,-7.18758921,615.38837760
296347.76400000,2779475.86400000,-7.20770038,615.40505280
296348.78100000,2779473.96500000,-7.22447812,615.42171360
296349.82200000,2779472.09200000,-7.22792262,615.43838880
296350.87600000,2779470.22500000,-7.22803369,615.45504960
296351.92800000,2779468.33700000,-7.23814477,615.47171040
296352.98600000,2779466.43100000,-7.23061708,615.48838560
296354.01400000,2779464.51500000,-7.24836701,615.50504640
296355.02700000,2779462.59600000,-7.25847817,615.52172160
296356.00200000,2779460.65600000,-7.25830361,615.53838240
296356.96100000,2779458.72200000,-7.26203365,615.55504320
296357.94900000,2779456.80400000,-7.27867454,615.57171840
296358.91700000,2779454.86400000,-7.27219530,615.58837920
296359.91700000,2779452.93500000,-7.28375603,615.60505440
296360.92300000,2779451.00700000,-7.29914480,615.62171520
296361.91900000,2779449.08500000,-7.27925596,615.63839040
296362.94200000,2779447.17600000,-7.29936704,615.65505120
296363.93700000,2779445.25300000,-7.39281144,615.67171200
296364.97600000,2779443.34500000,-7.29958928,615.68838720
296365.97500000,2779441.40800000,-7.30970035,615.70504800
296367.02400000,2779439.48700000,-7.31217267,615.72172320
296368.04700000,2779437.56500000,-7.32992259,615.73838400
296369.05000000,2779435.66100000,-7.34003366,615.75504480
296370.03200000,2779433.76100000,-7.34329303,615.77171999
296371.01400000,2779431.86300000,-7.37025590,615.78838080
296371.98900000,2779429.94400000,-7.39550592,615.80505600
296372.97300000,2779428.00800000,-7.40992274,615.82171680
296373.95200000,2779426.05900000,-7.42058921,615.83837760
296374.90400000,2779424.12900000,-7.43070038,615.85505280
296375.85600000,2779422.23700000,-7.43747812,615.87171360
296376.77200000,2779420.34100000,-7.46092262,615.88838879
296377.66400000,2779418.43000000,-7.46103369,615.90504960
296378.57000000,2779416.51200000,-7.47114476,615.92171040
296379.44000000,2779414.57300000,-7.47810773,615.93838560
296380.36600000,2779412.62400000,-7.48886700,615.95504640
296381.24900000,2779410.64400000,-7.49147817,615.97172160
296382.15300000,2779408.68500000,-7.51644643,615.98838240
296383.06500000,2779406.74700000,-7.52170031,616.00504320
296383.94100000,2779404.81100000,-7.53181148,616.02171840
296384.82600000,2779402.90600000,-7.56438832,616.03837920
296385.65900000,2779400.97500000,-7.58239726,616.05505440
296386.47100000,2779399.03300000,-7.58214479,616.07171520
296387.27500000,2779397.05400000,-7.59225596,616.08839040
296388.07800000,2779395.07800000,-7.62236703,616.10505120
296388.88400000,2779393.11700000,-7.62247811,616.12171200
296389.67900000,2779391.15800000,-7.63258927,616.13838720
296390.47300000,2779389.20100000,-7.64270035,616.15504800
296391.27200000,2779387.24600000,-7.62753381,616.17172320
296392.07100000,2779385.27400000,-7.62785406,616.18838400
296392.89300000,2779383.28700000,-7.62976091,616.20504480
296393.73200000,2779381.25900000,-7.62314483,616.22172000
296394.57600000,2779379.25700000,-7.60992256,616.23838080
296395.43900000,2779377.25800000,-7.56799633,616.25505600
296396.29300000,2779375.28500000,-7.59608085,616.27171680
296397.14100000,2779373.31300000,-7.54358921,616.28837760
296398.01900000,2779371.33700000,-7.58370038,616.30505280
296398.89400000,2779369.36100000,-7.52381145,616.32171360
296399.78800000,2779367.36800000,-7.45392262,616.33838880
296400.69100000,2779365.38500000,-7.35403369,616.35504960
296401.55400000,2779363.39300000,-7.27414476,616.37171040
296402.47700000,2779361.43200000,-7.29740413,616.38838560
296403.39200000,2779359.40600000,-7.36436700,616.40504640
296404.38700000,2779357.32800000,-7.56725718,616.42172160
296405.37900000,2779355.14700000,-7.35458924,616.43838240
296406.43500000,2779352.92000000,-7.33470031,616.45504320
296407.42300000,2779350.77600000,-7.31517502,616.47171840
296408.39800000,2779348.83100000,-7.30492255,616.48837920
296409.37100000,2779346.98700000,-7.25996525,616.50505440
296410.33100000,2779345.22500000,-7.25485895,616.52171520
296411.30400000,2779343.54900000,-7.25229316,616.53839040
296412.22300000,2779341.93700000,-7.26536703,616.55505120
296413.19500000,2779340.39700000,-7.27547810,616.57171200
296414.11600000,2779338.87800000,-7.27298656,616.58838720
296415.02500000,2779337.35500000,-7.20570034,616.60504800
296415.97200000,2779335.87800000,-7.23581151,616.62172320
296416.89800000,2779334.42500000,-7.16592258,616.63838400
296417.81900000,2779332.99800000,-7.13103366,616.65504480
296418.75800000,2779331.60300000,-7.09614482,616.67172000
296419.64600000,2779330.20200000,-7.03280138,616.68838080
296420.54600000,2779328.74400000,-7.01988553,616.70505600
296421.46800000,2779327.25500000,-6.92962620,616.72171680
296422.36200000,2779325.73800000,-6.89658921,616.73837760
296423.25300000,2779324.20000000,-6.83197828,616.75505280
296424.08000000,2779322.62400000,-6.74681145,616.77171360
296424.89300000,2779320.95000000,-6.69692261,616.78838880
296425.66000000,2779319.19500000,-6.66370035,616.80504960
296426.43700000,2779317.39900000,-6.66714476,616.82171040
296427.14400000,2779315.54900000,-6.64725593,616.83838560
296427.83400000,2779313.65600000,-6.67736700,616.85504640
296428.53100000,2779311.74400000,-6.70747817,616.87172160
296429.24000000,2779309.80200000,-6.72758924,616.88838240
296429.92500000,2779307.92800000,-6.73770031,616.90504320
296430.56500000,2779306.11200000,-6.74410788,616.92171840
296431.18900000,2779304.35200000,-6.73792255,616.93837920
296431.77000000,2779302.59500000,-6.75803372,616.95505440
296432.38700000,2779300.82600000,-6.70357356,616.97171520
296432.98800000,2779299.03200000,-6.64825596,616.98839040
296433.56400000,2779297.22100000,-6.63182154,617.00505120
296434.16200000,2779295.39800000,-6.61834115,617.02171200
296434.75000000,2779293.54500000,-6.60747847,617.03838720
296435.31800000,2779291.70300000,-6.59536701,617.05504800
296435.91100000,2779289.88000000,-6.59881151,617.07172320
296436.45200000,2779288.02900000,-6.64896770,617.09515200
296437.00000000,2779286.17100000,-6.70917070,617.10504480
296437.54100000,2779284.31000000,-6.73914482,617.12172000
296438.05300000,2779282.41900000,-6.76925589,617.13838080
296438.59000000,2779280.52100000,-6.77881166,617.15505600
296439.13200000,2779278.62300000,-6.82990086,617.17171680
296439.66200000,2779276.72800000,-6.79958920,617.18837761
296440.16800000,2779274.83400000,-6.82655231,617.20505280
296440.65600000,2779272.96700000,-6.83481144,617.22171360
296441.11300000,2779271.07800000,-6.82344108,617.23838880
296441.58100000,2779269.18300000,-6.83003368,617.25504960
296442.03100000,2779267.28800000,-6.82514476,617.27171040
296442.54600000,2779265.39700000,-6.89225534,617.28838560
296443.07100000,2779263.54100000,-6.80036700,617.30504640
296443.59400000,2779261.73200000,-6.81047816,617.32172160
296444.13700000,2779259.96100000,-6.81808924,617.33838240
296444.66200000,2779258.21500000,-6.86070031,617.35504320
296445.15500000,2779256.53200000,-6.83081148,617.37171840
296445.63900000,2779254.91900000,-6.84092255,617.38837920
296446.08300000,2779253.37700000,-6.87631162,617.40505440
296446.50300000,2779251.93000000,-6.87114479,617.42171520
296446.89200000,2779250.54900000,-6.87125595,617.43839040
296447.24600000,2779249.22900000,-6.89136703,617.45505120
296447.59900000,2779247.95600000,-6.90147810,617.47171200
296447.93500000,2779246.72300000,-6.91158927,617.48838720
296448.24900000,2779245.55200000,-6.91170034,617.50504800
296448.55800000,2779244.44400000,-6.95875682,617.52172320
296448.84200000,2779243.38300000,-6.92846798,617.53838400
296449.12600000,2779242.36400000,-6.94203365,617.55504480
296449.40500000,2779241.37600000,-7.30214482,617.57172000
296449.67300000,2779240.42400000,-6.95225589,617.58838080
296449.94700000,2779239.52000000,-6.98236706,617.60505600
296450.19300000,2779238.65700000,-7.04247813,617.62171680
296450.44100000,2779237.81100000,-7.06967999,617.63837759
296450.69300000,2779236.90400000,-7.03256332,617.65505280
296450.94500000,2779235.96700000,-7.07614478,617.67171360
296451.20300000,2779235.10100000,-7.05995954,617.68838880
296451.40700000,2779234.26000000,-7.07303368,617.70504960
296451.59700000,2779233.43500000,-7.09314475,617.72171040
296451.74800000,2779232.66800000,-7.11640399,617.73838560
296451.86900000,2779231.94200000,-7.14336699,617.75504639
296451.98500000,2779231.26000000,-7.22347816,617.77172160
296452.12500000,2779230.60900000,-7.12933024,617.78838240
296452.28600000,2779229.98100000,-7.14703364,617.80504320
296452.31300000,2779227.45900000,-7.14425595,617.88839040
296452.35300000,2779226.89300000,-7.13965774,617.93838720
296452.36700000,2779226.81700000,-7.13470034,617.95504800
296452.38800000,2779226.76100000,-7.12823747,617.97172320
296452.37400000,2779226.76800000,-7.14536706,618.05505600
296452.41000000,2779226.82100000,-7.16097827,618.10505281
296452.38200000,2779226.89700000,-7.16592261,618.13838880
296452.28600000,2779227.01600000,-7.15625592,618.18838560
296452.27400000,2779227.04200000,-7.15636699,618.20504640
296452.24000000,2779227.06200000,-7.14647816,618.22172160
296452.30400000,2779227.21300000,-7.22670030,618.25504320
296452.25800000,2779227.59400000,-7.19725595,618.33839040
296452.24700000,2779227.86400000,-7.18081143,618.37171200
296452.19500000,2779228.14500000,-7.19770033,618.40504800
296452.19000000,2779228.95400000,-7.19825589,618.48838080
296452.16300000,2779229.11300000,-7.19836705,618.50505600
296452.10000000,2779229.24400000,-7.22847813,618.52171680
296451.98400000,2779229.37300000,-7.22186194,618.53837760
296451.87200000,2779229.46400000,-7.22883721,618.55505279
296451.74400000,2779229.54700000,-7.23881144,618.57171360
296451.62800000,2779229.62300000,-7.27892260,618.58838880
296451.50900000,2779229.69500000,-7.27396520,618.60504960
296451.32400000,2779229.69500000,-7.30936699,618.65504640
296451.33300000,2779229.64300000,-7.30947816,618.67172159
296451.39900000,2779229.60700000,-7.32970030,618.70504320
296451.46500000,2779229.56300000,-7.32621329,618.92172000
296451.51100000,2779229.57400000,-7.32225591,619.08838560
296451.54900000,2779229.53800000,-7.34314478,619.22171520
296451.55100000,2779229.53500000,-7.30325595,619.23839040
296451.54800000,2779229.54500000,-7.34392257,619.33838400
296451.53600000,2779229.55100000,-7.27458919,619.43837760
296451.53500000,2779229.55300000,-7.28088231,619.45505280
296451.53400000,2779229.55500000,-7.28974291,619.47171360
296451.53300000,2779229.55700000,-7.35492260,619.48838880
296451.53200000,2779229.55800000,-7.30503367,619.50504960
296451.52900000,2779229.56200000,-7.33536698,619.55504640
296451.52800000,2779229.56300000,-7.32547815,619.57172160
296451.52700000,2779229.56400000,-7.27558922,619.58838240
296451.52500000,2779229.56500000,-7.30570030,619.60504320
296451.52000000,2779229.56800000,-7.30925587,619.63837920
296451.46600000,2779229.53400000,-7.27458922,620.93838240
296451.46700000,2779229.53300000,-7.26481146,620.97171840
296451.46800000,2779229.53200000,-7.35819019,621.00505440
296451.46900000,2779229.53100000,-7.29518096,621.02171520
296451.47000000,2779229.53000000,-7.37545876,621.05505120
296451.47200000,2779229.52900000,-7.23920873,621.10504800
296451.47800000,2779229.52600000,-7.26712544,621.25505280
296451.48200000,2779229.52500000,-7.38127439,621.33838560
296451.67500000,2779229.61100000,-7.31559537,625.87144800
296451.67400000,2779229.61700000,-7.26670645,626.00477760
296451.67300000,2779229.62000000,-7.31726205,626.07144960
296451.67200000,2779229.62300000,-7.34309158,626.15478240
296451.67100000,2779229.62500000,-7.31865093,626.23811520
296452.09600000,2779232.89000000,-7.10753990,628.50479040
296452.02200000,2779233.56800000,-7.06422414,628.52145120
296451.92100000,2779234.31300000,-7.01781758,628.53811200
296451.80100000,2779235.14600000,-6.99795654,628.55478721
296451.67100000,2779236.04600000,-6.98845918,628.57144800
296451.51600000,2779237.02000000,-6.95156767,628.58812320
296451.36200000,2779238.05800000,-6.95455513,628.60478400
296451.19200000,2779239.15600000,-6.91851202,628.62144480
296451.01900000,2779240.30500000,-6.87865098,628.63812000
296450.82300000,2779241.51500000,-6.88878982,628.65478080
296450.61500000,2779242.76800000,-6.83632600,628.67145600
296450.39200000,2779244.06300000,-6.81906762,628.68811680
296450.16300000,2779245.40600000,-6.83253980,628.70477760
296449.90900000,2779246.76800000,-6.81934542,628.72145280
296449.65300000,2779248.18600000,-6.81948426,628.73811360
296449.38700000,2779249.57000000,-6.85043439,628.75478880
296449.11700000,2779250.85200000,-6.86841013,628.77144960
296399.64500000,2779234.25000000,-7.34628983,629.55478080
296399.61200000,2779234.03100000,-7.35656763,629.58811680
