X	Y	Z	T
296403.37700000,2779249.52800000,-1.28448429,41782.43787369
296403.39000000,2779249.96400000,-1.30462325,41782.43788527
296403.38700000,2779250.40600000,-1.29476209,41782.43789684
296403.39200000,2779250.84900000,-1.29490093,41782.43790841
296403.40500000,2779251.29300000,-1.30503989,41782.43791999
296403.39800000,2779251.75100000,-1.31517873,41782.43793156
296403.39500000,2779252.20200000,-1.30531769,41782.43794314
296403.40000000,2779252.62500000,-1.29545653,41782.43795471
296403.41000000,2779253.07600000,-1.30559537,41782.43796628
296403.39700000,2779253.52000000,-1.28573433,41782.43797786
296403.39600000,2779254.00400000,-1.29587317,41782.43798943
296403.37900000,2779254.46700000,-1.29601213,41782.43800101
296403.36500000,2779254.94000000,-1.29615097,41782.43801258
296403.34100000,2779255.39200000,-1.28628993,41782.43802416
296403.30500000,2779255.85600000,-1.30642877,41782.43803573
296403.28400000,2779256.31600000,-1.29656761,41782.43804730
296403.25200000,2779256.78000000,-1.29670657,41782.43805888
296403.22300000,2779257.26200000,-1.30684541,41782.43807045
296403.18500000,2779257.72200000,-1.28698437,41782.43808203
296403.15100000,2779258.20800000,-1.29712321,41782.43809360
296403.12600000,2779258.69900000,-1.30726205,41782.43810517
296403.08200000,2779259.17700000,-1.30740101,41782.43811675
296403.04300000,2779259.66100000,-1.28753985,41782.43812832
296403.00900000,2779260.15600000,-1.30767881,41782.43813990
296402.96100000,2779260.64800000,-1.32521494,41782.43815147
296402.90900000,2779261.10800000,-1.29795649,41782.43816304
296402.87300000,2779261.61500000,-1.31809545,41782.43817462
296402.81900000,2779262.09900000,-1.31823429,41782.43818619
296402.74800000,2779262.58400000,-2.66170659,41782.43819777
296402.70700000,2779263.09800000,-2.68517876,41782.43820934
296402.63400000,2779263.57000000,-3.41865093,41782.43822091
296402.58200000,2779264.04800000,-3.35365480,41782.43823249
296402.52000000,2779264.51200000,-3.31406383,41782.43824406
296402.45800000,2779264.99600000,-3.37906769,41782.43825564
296402.38900000,2779265.48200000,-3.33920653,41782.43826721
296402.32600000,2779265.98400000,-3.30582677,41782.43827878
296402.27500000,2779266.48300000,-3.32948434,41782.43829036
296402.20500000,2779266.96400000,-3.32962318,41782.43830193
296402.14800000,2779267.45900000,-1.29976214,41782.43831351
296402.09300000,2779267.94600000,-3.29990098,41782.43832508
296402.03800000,2779268.42000000,-3.31003994,41782.43833666
296401.97900000,2779268.90000000,-1.30017878,41782.43834823
296401.91600000,2779269.38700000,-3.31377221,41782.43835980
296401.85600000,2779269.86800000,-3.32045658,41782.43837138
296401.79400000,2779270.34500000,-3.33059542,41782.43838295
296401.73100000,2779270.83900000,-3.33559928,41782.43839453
296401.66000000,2779271.31400000,-3.31432782,41782.43840610
296401.59500000,2779271.80700000,-3.35101206,41782.43841767
296401.53200000,2779272.27800000,-3.34115102,41782.43842925
296401.45700000,2779272.76100000,-3.34128986,41782.43844082
296401.38500000,2779273.24300000,-3.34142882,41782.43845240
296401.32000000,2779273.72900000,-3.33811315,41782.43846397
296401.24600000,2779274.22800000,-3.37170650,41782.43847554
296401.17300000,2779274.72200000,-3.33184546,41782.43848712
296401.09000000,2779275.26000000,-3.35198430,41782.43849869
296401.02300000,2779275.85600000,-3.37212326,41782.43851027
296400.95200000,2779276.32900000,-3.35226210,41782.43852184
296400.89500000,2779276.77700000,-3.34240094,41782.43853341
296400.82100000,2779277.20800000,-3.34253990,41782.43854499
296400.75400000,2779277.66700000,-3.36267874,41782.43855656
296400.68200000,2779278.16400000,-3.34281770,41782.43856814
296400.60300000,2779278.63400000,-3.34782135,41782.43857971
296400.53200000,2779279.09200000,-3.41556112,41782.43859128
296400.43000000,2779279.61600000,-3.39359788,41782.43860286
296400.34100000,2779280.12900000,-2.81670651,41782.43861443
296400.25700000,2779280.59200000,-1.31351214,41782.43862601
296400.16400000,2779281.04400000,-1.31118522,41782.43863758
296400.06700000,2779281.50700000,-1.31378994,41782.43864916
296399.95600000,2779281.99000000,-1.31392878,41782.43866073
296399.85900000,2779282.45000000,-1.31406762,41782.43867230
296399.75900000,2779282.91900000,-1.30420658,41782.43868388
296399.66900000,2779283.39900000,-1.31434542,41782.43869545
296399.56400000,2779283.85700000,-1.30448438,41782.43870703
296399.46600000,2779284.34200000,-4.41462322,41782.43871860
296399.36100000,2779284.79200000,-2.50739355,41782.43873017
296399.23400000,2779285.27800000,-4.35490102,41782.43874175
296399.13900000,2779285.75800000,-1.32503986,41782.43875332
296399.01600000,2779286.19900000,-1.30517882,41782.43876490
296398.92200000,2779286.68400000,-4.38531766,41782.43877647
296398.81900000,2779287.15000000,-4.39545650,41782.43878804
296398.71500000,2779287.60200000,-4.36559546,41782.43879962
296398.63300000,2779288.12300000,-4.37573431,41782.43881119
296398.50400000,2779288.54000000,-4.36587327,41782.43882277
296398.40800000,2779289.03800000,-4.38601211,41782.43883434
296398.28400000,2779289.49000000,-4.37128604,41782.43884591
296398.18100000,2779289.99000000,-4.41628991,41782.43885749
296398.05800000,2779290.45400000,-4.35988326,41782.43886906
296397.94400000,2779290.91400000,-4.41311311,41782.43888064
296397.83500000,2779291.35500000,-4.39670655,41782.43889221
296397.70600000,2779291.81300000,-4.39684539,41782.43890378
296397.60400000,2779292.28700000,-4.22511056,41782.43891536
296397.47800000,2779292.79900000,-4.38712319,41782.43892693
296397.37300000,2779293.30200000,-1.31726215,41782.43893851
296397.24700000,2779293.77700000,-1.30740099,41782.43895008
296397.14000000,2779294.30900000,-1.32753995,41782.43896166
296397.00000000,2779294.82100000,-1.31767879,41782.43897323
296396.87600000,2779295.27600000,-1.30781763,41782.43898480
296396.76100000,2779295.73800000,-1.30795659,41782.43899638
296396.63300000,2779296.23800000,-1.31809543,41782.43900795
296396.51600000,2779296.75200000,-1.31823439,41782.43901953
296396.38600000,2779297.22900000,-1.30837323,41782.43903110
296396.27800000,2779297.70000000,-1.32851207,41782.43904267
296396.16500000,2779298.12100000,-1.30865103,41782.43905425
296396.02900000,2779298.61100000,-1.31125561,41782.43906582
296395.91200000,2779299.12300000,-1.31892883,41782.43907740
296395.76600000,2779299.61900000,-1.31906767,41782.43908897
296395.64800000,2779300.12700000,-3.38920651,41782.43910054
296395.50800000,2779300.63600000,-1.31674269,41782.43911212
296395.37300000,2779301.09300000,-1.31948431,41782.43912369
296395.25400000,2779301.60900000,-1.31962327,41782.43913527
296395.12900000,2779302.08500000,-1.31976211,41782.43914684
296394.98900000,2779302.57300000,-3.38990095,41782.43915841
296394.85600000,2779303.06600000,-1.32003991,41782.43916999
296394.72700000,2779303.60800000,-2.67509481,41782.43918156
296394.61000000,2779304.12400000,-1.32031771,41782.43919314
296394.48800000,2779304.56900000,-1.32045655,41782.43920471
296394.37500000,2779305.05700000,-2.71059539,41782.43921628
296394.23900000,2779305.53700000,-1.32073435,41782.43922786
296394.12000000,2779306.05200000,-3.39087319,41782.43923943
296393.99100000,2779306.61800000,-3.39101215,41782.43925101
296393.87300000,2779307.14900000,-3.40115099,41782.43926258
296393.74800000,2779307.64200000,-3.38128995,41782.43927416
296393.63000000,2779308.12500000,-1.32142879,41782.43928573
296393.51300000,2779308.59400000,-3.38643254,41782.43929730
296393.39700000,2779309.08400000,-3.39670659,41782.43930888
296393.29100000,2779309.59300000,-3.39698053,41782.43932045
296393.17200000,2779310.10000000,-3.28550286,41782.43933203
296393.06800000,2779310.63800000,-1.32212324,41782.43934360
296392.95500000,2779311.17200000,-1.32226208,41782.43935517
296392.82500000,2779311.67800000,-7.35979832,41782.43936675
296392.71900000,2779312.24800000,-7.34253988,41782.43937832
296392.60000000,2779312.72800000,-7.41267884,41782.43938990
296392.49800000,2779313.25200000,-7.33627219,41782.43940147
296392.38900000,2779313.75200000,-7.35295652,41782.43941304
296392.28000000,2779314.29300000,-7.33309548,41782.43942462
296392.17500000,2779314.81700000,-7.35323432,41782.43943619
296392.04600000,2779315.33400000,-7.35337328,41782.43944777
296391.93200000,2779315.90200000,-7.35017878,41782.43945934
296391.80400000,2779316.46200000,-7.37365096,41782.43947091
296391.68500000,2779316.99000000,-7.36378992,41782.43948249
296391.56700000,2779317.53400000,-7.37392876,41782.43949406
296391.44900000,2779318.08100000,-7.35406772,41782.43950564
296391.33300000,2779318.63600000,-7.36961214,41782.43951721
296391.22700000,2779319.17200000,-7.36767873,41782.43952878
296391.10700000,2779319.72100000,-7.35793887,41782.43954036
296390.98800000,2779320.24100000,-7.35462320,41782.43955193
296390.86200000,2779320.79400000,-7.38142883,41782.43956351
296390.73900000,2779321.35800000,-7.36144649,41782.43957508
296390.61400000,2779321.94500000,-7.36503996,41782.43958666
296390.49400000,2779322.47400000,-7.36208782,41782.43959823
296390.37600000,2779323.03900000,-7.35531764,41782.43960980
296390.25600000,2779323.57900000,-7.37545660,41782.43962138
296390.12400000,2779324.09600000,-7.35559544,41782.43963295
296390.00500000,2779324.67100000,-7.36086959,41782.43964453
296389.88200000,2779325.22100000,-7.38087324,41782.43965610
296389.75700000,2779325.76600000,-7.36060650,41782.43966767
296389.63500000,2779326.36200000,-7.36924202,41782.43967925
296389.52400000,2779326.88100000,-7.34628988,41782.43969082
296389.39300000,2779327.42200000,-7.37642884,41782.43970240
296389.28500000,2779327.99600000,-7.34396489,41782.43971397
296389.15900000,2779328.61200000,-7.32670652,41782.43972554
296389.03800000,2779329.11500000,-7.34684548,41782.43973712
296388.92300000,2779329.63700000,-7.33734811,41782.43974869
296388.79500000,2779330.15200000,-7.33465752,41782.43976027
296388.63900000,2779330.70900000,-7.34726212,41782.43977184
296388.51600000,2779331.30300000,-7.34493520,41782.43978341
296388.38500000,2779331.84000000,-7.32240472,41782.43979499
296388.27000000,2779332.40200000,-7.33434542,41782.43980656
296388.12900000,2779332.91800000,-7.35281772,41782.43981814
296388.00700000,2779333.45800000,-7.32768617,41782.43982971
296387.87000000,2779333.95300000,-7.35350069,41782.43984128
296387.74100000,2779334.52600000,-7.32823436,41782.43985286
296387.61000000,2779335.08600000,-7.31837320,41782.43986443
296387.46900000,2779335.64600000,-7.31851216,41782.43987601
296387.32900000,2779336.18000000,-7.31865100,41782.43988758
296387.18800000,2779336.70300000,-7.31878996,41782.43989916
296387.05500000,2779337.27100000,-7.28559546,41782.43991073
296386.92900000,2779337.80400000,-7.31167035,41782.43992230
296386.79800000,2779338.38600000,-7.30920660,41782.43993388
296386.65900000,2779338.89300000,-7.33279995,41782.43994545
296386.51100000,2779339.42500000,-7.33948440,41782.43995703
296386.37200000,2779339.93500000,-7.32616864,41782.43996860
296386.23500000,2779340.46300000,-7.33476208,41782.43998017
296386.09500000,2779340.94100000,-7.37099164,41782.43999175
296385.95100000,2779341.45400000,-7.33003988,41782.44000332
296385.80900000,2779341.96600000,-7.35017884,41782.44001490
296385.65300000,2779342.48800000,-7.36031768,41782.44002647
296385.51500000,2779343.05500000,-7.35452248,41782.44003804
296385.37200000,2779343.56900000,-7.34059548,41782.44004962
296385.24200000,2779344.08000000,-7.32073432,41782.44006119
296385.08300000,2779344.52500000,-7.33087328,41782.44007277
296384.93700000,2779345.04700000,-7.32621754,41782.44008434
296384.78000000,2779345.60300000,-7.34818789,41782.44009591
296384.63900000,2779346.13100000,-7.33156030,41782.44010749
296384.49700000,2779346.60500000,-7.33476204,41782.44011906
296384.35200000,2779347.13900000,-7.31156771,41782.44013064
296384.21200000,2779347.60700000,-7.34170655,41782.44014221
296384.06800000,2779348.08200000,-7.32851206,41782.44015378
296383.90900000,2779348.72800000,-7.33198435,41782.44016536
296383.77400000,2779349.20900000,-7.35212319,41782.44017693
296383.63300000,2779349.58900000,-7.33226215,41782.44018851
296383.44000000,2779350.39500000,-7.34240099,41782.44020008
296383.27700000,2779351.15100000,-7.31253995,41782.44021166
296383.18900000,2779351.47300000,-1.34267879,41782.44022323
296383.02400000,2779352.17600000,-7.33281763,41782.44023480
296382.90200000,2779352.69000000,-7.34309354,41782.44024638
296382.77700000,2779353.16500000,-7.33654995,41782.44025795
296382.65200000,2779353.63900000,-7.33836959,41782.44026953
296382.51700000,2779354.11500000,-7.32337323,41782.44028110
296382.37800000,2779354.59500000,-7.33351207,41782.44029267
296382.22700000,2779355.08100000,-7.33865103,41782.44030425
296382.08100000,2779355.56200000,-7.33378987,41782.44031582
296381.94000000,2779356.08500000,-7.33392883,41782.44032740
296381.78500000,2779356.58300000,-7.34406767,41782.44033897
296381.63900000,2779357.09900000,-7.39420651,41782.44035054
296381.50400000,2779357.65200000,-7.34434547,41782.44036212
296381.34900000,2779358.14300000,-7.35961951,41782.44037369
296381.19900000,2779358.61800000,-7.36462327,41782.44038527
296381.04900000,2779359.16500000,-7.35476211,41782.44039684
296380.88400000,2779359.63900000,-7.36229824,41782.44040841
296380.72200000,2779360.16900000,-7.37503991,41782.44041999
296380.57000000,2779360.69500000,-7.36517875,41782.44043156
296380.42300000,2779361.18600000,-7.41865127,41782.44044314
296380.28200000,2779361.71600000,-7.36545655,41782.44045471
296380.13000000,2779362.21100000,-7.38805923,41782.44046628
296379.97300000,2779362.73700000,-7.37167040,41782.44047786
296379.81100000,2779363.28200000,-7.42208907,41782.44048943
296379.64600000,2779363.74600000,-7.40637595,41782.44050101
296379.47600000,2779364.28900000,-7.39615099,41782.44051258
296379.31400000,2779364.80600000,-7.39889274,41782.44052416
296379.14100000,2779365.34200000,-7.38297428,41782.44053573
296378.98100000,2779365.86500000,-7.39656763,41782.44054730
296378.83000000,2779366.37100000,-7.38670659,41782.44055888
296378.66900000,2779366.90500000,-7.37698238,41782.44057045
296378.51300000,2779367.43100000,-7.46438161,41782.44058203
296378.36300000,2779367.95200000,-7.39712323,41782.44059360
296378.20800000,2779368.48800000,-7.38380747,41782.44060517
296378.04700000,2779369.01300000,-7.38226593,41782.44061675
296377.91300000,2779369.55200000,-7.37753987,41782.44062832
296377.75700000,2779370.09200000,-7.40101216,41782.44063990
296377.60400000,2779370.62600000,-7.36521488,41782.44065147
296377.44400000,2779371.13900000,-7.37822690,41782.44066304
296377.28500000,2779371.69900000,-7.36809547,41782.44067462
296377.10900000,2779372.21100000,-7.37070005,41782.44068619
296376.93100000,2779372.73500000,-7.39189174,41782.44069777
296376.77200000,2779373.30700000,-7.37851211,41782.44070934
296376.61700000,2779373.82800000,-7.38865095,41782.44072091
296376.46500000,2779374.38700000,-7.37878991,41782.44073249
296376.29800000,2779374.93100000,-7.37892875,41782.44074406
296376.13500000,2779375.48000000,-7.39906771,41782.44075564
296375.96500000,2779376.02400000,-7.39920655,41782.44076721
296375.79200000,2779376.56800000,-7.39934539,41782.44077878
296375.63400000,2779377.09700000,-7.39195011,41782.44079036
296375.46300000,2779377.65800000,-7.37962319,41782.44080193
296375.28700000,2779378.18100000,-7.40309548,41782.44081351
296375.13100000,2779378.77700000,-7.39503618,41782.44082508
296374.95600000,2779379.27900000,-7.40059535,41782.44083666
296374.84400000,2779379.84000000,-7.38517879,41782.44084823
296374.80700000,2779380.32700000,-7.38031763,41782.44085980
296374.93100000,2779380.80000000,-7.36700208,41782.44087138
296375.21500000,2779381.19600000,-7.37059543,41782.44088295
296375.64400000,2779381.67500000,-7.36073439,41782.44089453
296376.22100000,2779382.15900000,-7.35566781,41782.44090610
296376.91600000,2779382.77600000,-7.35101207,41782.44091767
296377.72300000,2779383.46800000,-7.34115103,41782.44092925
296378.57200000,2779384.33100000,-7.32128987,41782.44094082
296379.43700000,2779385.39300000,-7.33142883,41782.44095240
296380.31300000,2779386.59300000,-7.32465864,41782.44096397
296381.12200000,2779387.97200000,-7.34330209,41782.44097554
296381.87300000,2779389.48800000,-7.31961674,41782.44098712
296382.48700000,2779391.04700000,-7.28840893,41782.44099869
296382.87400000,2779392.67400000,-7.29225784,41782.44101027
296383.24300000,2779394.32000000,-7.26858430,41782.44102184
296383.44500000,2779395.99600000,-7.26491076,41782.44103341
296383.53500000,2779397.70200000,-7.25122541,41782.44104499
296383.50000000,2779399.43600000,-7.23755188,41782.44105656
296383.35600000,2779401.17600000,-7.22386652,41782.44106814
296383.08200000,2779402.90700000,-7.22019299,41782.44107971
296382.74500000,2779404.64300000,-7.20651945,41782.44109128
296382.27400000,2779406.37300000,-7.20283409,41782.44110286
296381.77500000,2779408.12500000,-7.19916055,41782.44111443
296381.19900000,2779409.86700000,-7.18547520,41782.44112601
296380.59500000,2779411.65700000,-7.18180167,41782.44113758
296379.95300000,2779413.46600000,-7.17811631,41782.44114916
296379.28500000,2779415.32400000,-7.15444277,41782.44116073
296378.60600000,2779417.21500000,-7.16076924,41782.44117230
296377.90900000,2779419.11500000,-7.14708388,41782.44118388
296377.21200000,2779421.06700000,-7.13341034,41782.44119545
296376.51500000,2779423.03200000,-7.13972499,41782.44120703
296375.82500000,2779425.04900000,-7.10605146,41782.44121860
296375.14700000,2779427.09900000,-7.10484368,41782.44123017
296374.45300000,2779429.15800000,-7.08869256,41782.44124175
296373.74200000,2779431.25700000,-7.07501902,41782.44125332
296373.01500000,2779433.37100000,-7.07133367,41782.44126490
296372.27900000,2779435.50700000,-7.04766013,41782.44127647
296371.51700000,2779437.64700000,-7.03398660,41782.44128804
296370.72800000,2779439.80500000,-7.02030125,41782.44129962
296369.90100000,2779441.96800000,-7.00662771,41782.44131119
296369.03500000,2779444.14500000,-6.99294235,41782.44132277
296368.15700000,2779446.32200000,-6.97926881,41782.44133434
296367.23000000,2779448.49900000,-6.96559527,41782.44134591
296366.30100000,2779450.68000000,-6.94190992,41782.44135749
296365.36400000,2779452.88100000,-6.92823639,41782.44136906
296364.42900000,2779455.08100000,-6.92455104,41782.44138064
296363.48800000,2779457.29300000,-6.90087750,41782.44139221
296362.54500000,2779459.50100000,-6.88720396,41782.44140378
296361.60600000,2779461.72200000,-6.87351860,41782.44141536
296360.67400000,2779463.96500000,-6.85984506,41782.44142693
296359.74900000,2779466.22000000,-6.84615971,41782.44143851
296358.81800000,2779468.47500000,-6.83248618,41782.44145008
296357.90400000,2779470.74200000,-6.80880082,41782.44146166
296356.98400000,2779473.00700000,-6.80512729,41782.44147323
296356.07700000,2779475.28400000,-6.78145375,41782.44148480
296355.17900000,2779477.57800000,-6.77776839,41782.44149638
296354.28500000,2779479.86200000,-6.76409485,41782.44150795
296353.38700000,2779482.17200000,-6.74040950,41782.44151953
296352.48800000,2779484.46900000,-6.73673597,41782.44153110
296351.59800000,2779486.78500000,-6.71306243,41782.44154267
296350.72900000,2779489.09400000,-6.70937707,41782.44155425
296349.89500000,2779491.41000000,-6.68570354,41782.44156582
296349.06000000,2779493.73600000,-6.68201818,41782.44157740
296348.26600000,2779496.05300000,-6.65834464,41782.44158897
296347.46100000,2779498.39500000,-6.64467111,41782.44160054
296346.69900000,2779500.73000000,-6.63098576,41782.44161212
296345.94300000,2779503.10100000,-6.60731222,41782.44162369
296345.20500000,2779505.47000000,-6.61362686,41782.44163527
296344.46900000,2779507.83700000,-6.58995332,41782.44164684
296343.74600000,2779510.23500000,-6.58627979,41782.44165841
296343.05700000,2779512.61000000,-6.56259443,41782.44166999
296342.32000000,2779514.99100000,-6.54892090,41782.44168156
296341.59500000,2779517.36100000,-6.54263284,41782.44169314
296340.81500000,2779519.73500000,-6.51156201,41782.44170471
296340.04700000,2779522.10800000,-6.51788847,41782.44171628
296339.27600000,2779524.48500000,-6.48420311,41782.44172786
296338.47100000,2779526.84700000,-6.49052957,41782.44173943
296337.67500000,2779529.20900000,-6.46424144,41782.44175101
296336.84200000,2779531.60100000,-6.46317069,41782.44176258
296336.01700000,2779533.95800000,-6.43948534,41782.44177416
296335.18100000,2779536.33400000,-6.42581180,41782.44178573
296334.33900000,2779538.68100000,-6.42213826,41782.44179730
296333.48700000,2779541.04900000,-6.39845290,41782.44180888
296332.62000000,2779543.39700000,-6.39477936,41782.44182045
296331.74800000,2779545.73400000,-6.37109401,41782.44183203
296330.84900000,2779548.06500000,-6.35742048,41782.44184360
296329.93700000,2779550.39100000,-6.34374694,41782.44185517
296328.99600000,2779552.72300000,-6.33006159,41782.44186675
296328.05400000,2779555.04500000,-6.31638805,41782.44187832
296327.11200000,2779557.37300000,-6.30270269,41782.44188990
296326.14900000,2779559.67800000,-6.28902915,41782.44190147
296325.18500000,2779562.00100000,-6.27535562,41782.44191304
296324.21300000,2779564.31600000,-6.26167027,41782.44192462
296323.22300000,2779566.62400000,-6.24799673,41782.44193619
296322.23300000,2779568.92700000,-6.23431137,41782.44194777
296321.22100000,2779571.23400000,-6.22063784,41782.44195934
296320.22700000,2779573.54800000,-6.20696430,41782.44197091
296319.19800000,2779575.83000000,-6.19327894,41782.44198249
296318.15300000,2779578.12500000,-6.16960541,41782.44199406
296317.09000000,2779580.39900000,-6.16592006,41782.44200564
296316.01900000,2779582.69100000,-6.14224652,41782.44201721
296314.96400000,2779584.98100000,-6.13857298,41782.44202878
296313.87400000,2779587.24900000,-6.12488762,41782.44204036
296312.79400000,2779589.54600000,-6.11121409,41782.44205193
296311.71300000,2779591.82600000,-6.09752873,41782.44206351
296310.65700000,2779594.11400000,-6.08385520,41782.44207508
296309.58900000,2779596.38800000,-6.07016985,41782.44208666
296308.53000000,2779598.69500000,-6.04909902,41782.44209823
296307.46100000,2779600.99100000,-6.04282277,41782.44210980
296306.40700000,2779603.30200000,-6.02913741,41782.44212138
296305.34500000,2779605.60700000,-6.01546388,41782.44213295
296304.27000000,2779607.92100000,-6.00177852,41782.44214453
296303.17600000,2779610.22400000,-5.99810499,41782.44215610
296302.08100000,2779612.52200000,-5.97443145,41782.44216767
296300.98100000,2779614.81000000,-5.97074610,41782.44217925
296299.84900000,2779617.09300000,-5.95707256,41782.44219082
296298.72800000,2779619.38600000,-5.93338720,41782.44220240
296297.56900000,2779621.64300000,-5.92971367,41782.44221397
296296.41300000,2779623.91300000,-5.90604013,41782.44222554
296295.23300000,2779626.17800000,-5.89235478,41782.44223712
296294.04100000,2779628.44600000,-5.87868124,41782.44224869
296292.86300000,2779630.69800000,-5.86499589,41782.44226027
296291.68400000,2779632.94200000,-5.84132235,41782.44227184
296290.50800000,2779635.19500000,-5.83764882,41782.44228341
296289.32600000,2779637.42700000,-5.82396345,41782.44229499
296288.16400000,2779639.68800000,-5.80028992,41782.44230656
296286.99700000,2779641.92500000,-5.79660457,41782.44231814
296285.86700000,2779644.20500000,-5.78293103,41782.44232971
296284.76100000,2779646.46900000,-5.76925749,41782.44234128
296283.67300000,2779648.78500000,-5.75557214,41782.44235286
296282.61600000,2779651.08900000,-5.74189860,41782.44236443
296281.56300000,2779653.42400000,-5.71821324,41782.44237601
296280.55100000,2779655.73700000,-5.71453971,41782.44238758
296279.52400000,2779658.09000000,-5.68085436,41782.44239916
296278.54100000,2779660.45300000,-5.68718082,41782.44241073
296277.56600000,2779662.83300000,-5.66350728,41782.44242230
296276.64300000,2779665.25200000,-5.63982192,41782.44243388
296275.67000000,2779667.62800000,-5.63614839,41782.44244545
296274.69500000,2779670.03800000,-5.61246303,41782.44245703
296273.69600000,2779672.40600000,-5.60878950,41782.44246860
296272.70600000,2779674.79500000,-5.59511596,41782.44248017
296271.69100000,2779677.15700000,-5.59143061,41782.44249175
296270.66300000,2779679.53400000,-5.56775707,41782.44250332
296269.64900000,2779681.91400000,-5.57407171,41782.44251490
296268.59800000,2779684.29600000,-5.56039818,41782.44252647
296267.62200000,2779686.70600000,-5.53672464,41782.44253804
296266.59700000,2779689.07700000,-5.53303929,41782.44254962
296265.58000000,2779691.50500000,-5.50936575,41782.44256119
296264.58500000,2779693.91300000,-5.49568040,41782.44257277
296263.56900000,2779696.33100000,-5.48200686,41782.44258434
296262.56600000,2779698.73900000,-5.46833333,41782.44259591
296261.52500000,2779701.14400000,-5.46464797,41782.44260749
296260.51900000,2779703.54400000,-5.44097443,41782.44261906
296259.48500000,2779705.95600000,-5.43728908,41782.44263064
296258.45900000,2779708.36000000,-5.41361554,41782.44264221
296257.41300000,2779710.77400000,-5.39994200,41782.44265378
296256.34500000,2779713.17200000,-5.38625665,41782.44266536
296255.26800000,2779715.60100000,-5.37258312,41782.44267693
296254.18400000,2779717.99200000,-5.35889776,41782.44268851
296253.08300000,2779720.40500000,-5.34522422,41782.44270008
296251.97300000,2779722.76900000,-5.33893616,41782.44271166
296250.85700000,2779725.15700000,-5.31046804,41782.44272323
296249.73400000,2779727.52800000,-5.30419179,41782.44273480
296248.59300000,2779729.89100000,-5.29050644,41782.44274638
296247.44800000,2779732.25200000,-5.27683290,41782.44275795
296246.31300000,2779734.61500000,-5.26314755,41782.44276953
296245.13800000,2779736.96100000,-5.24947401,41782.44278110
296243.96600000,2779739.30800000,-5.23580047,41782.44279267
296242.78800000,2779741.63800000,-5.22211512,41782.44280425
296241.62100000,2779743.98200000,-5.20844158,41782.44281582
296240.45000000,2779746.32500000,-5.20475622,41782.44282740
296239.28700000,2779748.67500000,-5.18108269,41782.44283897
296238.15300000,2779751.01100000,-5.16740915,41782.44285054
296236.99100000,2779753.37200000,-5.15372380,41782.44286212
296235.83700000,2779755.72100000,-5.14005026,41782.44287369
296234.67100000,2779758.07000000,-5.11636491,41782.44288527
296233.46300000,2779760.38200000,-5.11269137,41782.44289684
296232.20900000,2779762.67500000,-5.09901784,41782.44290841
296230.95900000,2779764.96000000,-5.08533248,41782.44291999
296229.63500000,2779767.21200000,-5.07165894,41782.44293156
296228.32300000,2779769.46100000,-5.05797359,41782.44294314
296226.96500000,2779771.68200000,-5.04430005,41782.44295471
296225.59000000,2779773.91700000,-5.04062651,41782.44296628
296224.25600000,2779776.13000000,-5.01694116,41782.44297786
296222.90000000,2779778.33600000,-5.00326763,41782.44298943
296221.57800000,2779780.54900000,-4.98958227,41782.44300101
296220.22700000,2779782.78100000,-4.97590873,41782.44301258
296218.91300000,2779784.99500000,-4.96222338,41782.44302416
296217.60100000,2779787.21900000,-4.94854984,41782.44303573
296216.31500000,2779789.42200000,-4.93487630,41782.44304730
296215.01800000,2779791.64500000,-4.91119095,41782.44305888
296213.72200000,2779793.88200000,-4.90751742,41782.44307045
296212.45100000,2779796.10300000,-4.88383206,41782.44308203
296211.30000000,2779798.27100000,-4.88015852,41782.44309360
296210.58400000,2779800.24500000,-4.85648498,41782.44310517
296210.29000000,2779802.03100000,-4.85279963,41782.44311675
296209.74700000,2779803.88900000,-4.83912609,41782.44312832
296209.13300000,2779806.11900000,-4.81544074,41782.44313990
296208.77700000,2779807.89500000,-4.81176720,41782.44315147
296207.96900000,2779809.89900000,-4.79809367,41782.44316304
296206.96800000,2779812.22900000,-4.78440831,41782.44317462
296205.57200000,2779814.94100000,-4.77073477,41782.44318619
296204.37200000,2779817.50700000,-4.74727396,41782.44319758
296203.19100000,2779819.97700000,-4.74337588,41782.44320934
296204.14200000,2779818.45100000,-4.72970235,41782.44322091
296201.61100000,2779822.47000000,-4.71601699,41782.44323249
296198.61600000,2779826.85000000,-4.70234345,41782.44324406
296196.79500000,2779829.55500000,-4.68865810,41782.44325564
296194.44900000,2779831.15400000,-4.68498456,41782.44326721
296191.99400000,2779833.66400000,-4.66131102,41782.44327878
296189.47500000,2779836.10200000,-4.65762567,41782.44329036
296187.94200000,2779838.40100000,-4.63395214,41782.44330193
296186.56300000,2779840.71500000,-4.63049132,41782.44331332
296185.26000000,2779843.06800000,-4.60659324,41782.44332508
296184.03500000,2779845.50900000,-4.59290789,41782.44333666
296182.74600000,2779847.88700000,-4.57923435,41782.44334823
296181.44100000,2779850.30800000,-4.56556081,41782.44335980
296180.13200000,2779852.72200000,-4.55210001,41782.44337119
296178.92800000,2779855.62600000,-4.53841465,41782.44338277
296177.69200000,2779858.11600000,-4.51474111,41782.44339434
296176.36100000,2779860.44100000,-4.50106757,41782.44340591
296175.00400000,2779862.72700000,-4.49738222,41782.44341749
296173.54200000,2779865.10300000,-4.47370869,41782.44342906
296172.08000000,2779867.37500000,-4.47002333,41782.44344064
296170.55300000,2779869.61600000,-4.44634980,41782.44345221
296169.06200000,2779871.83500000,-4.43267626,41782.44346378
296167.54500000,2779874.03600000,-4.41899090,41782.44347536
296166.05900000,2779876.22700000,-4.40531736,41782.44348693
296164.53500000,2779878.40600000,-4.39163201,41782.44349851
296163.02200000,2779880.57600000,-4.38795848,41782.44351008
296161.49800000,2779882.72800000,-4.36427312,41782.44352166
296159.94400000,2779884.86800000,-4.36059958,41782.44353323
296158.39800000,2779886.96000000,-4.34692605,41782.44354480
296156.82800000,2779889.01900000,-4.33324069,41782.44355638
296155.25500000,2779891.03800000,-4.30956715,41782.44356795
296153.64900000,2779892.97900000,-4.30588180,41782.44357953
296152.05200000,2779894.87700000,-4.29220827,41782.44359110
296150.42800000,2779896.69700000,-4.27853473,41782.44360267
296148.79700000,2779898.43400000,-4.26484937,41782.44361425
296147.18000000,2779900.12700000,-4.23117583,41782.44362582
296145.56900000,2779901.68000000,-4.21749048,41782.44363740
296144.01300000,2779903.09600000,-4.21381694,41782.44364897
296142.33000000,2779904.69700000,-4.20014341,41782.44366054
296140.65100000,2779906.17300000,-4.19645805,41782.44367212
296139.01300000,2779907.60400000,-4.17278452,41782.44368369
296137.38200000,2779908.94000000,-4.15909916,41782.44369527
296135.76000000,2779910.20400000,-4.14542562,41782.44370684
296134.15300000,2779911.38800000,-4.13175208,41782.44371841
296132.55900000,2779912.49800000,-4.11806673,41782.44372999
296130.98200000,2779913.51200000,-4.10439320,41782.44374156
296129.45900000,2779914.40900000,-4.09071537,41782.44375314
296128.16200000,2779914.89700000,-4.07706961,41782.44376471
296126.75800000,2779915.54000000,-4.06342384,41782.44377628
296125.28400000,2779916.22300000,-4.04976628,41782.44378786
296123.81200000,2779916.81200000,-4.03612051,41782.44379943
296122.34600000,2779917.35400000,-4.02246294,41782.44381101
296120.97700000,2779917.75900000,-4.00881718,41782.44382258
296119.60800000,2779918.07300000,-3.99515961,41782.44383416
296118.31200000,2779918.28000000,-3.98151385,41782.44384573
296117.13400000,2779918.38200000,-3.96786808,41782.44385730
296116.01200000,2779918.40500000,-3.96421051,41782.44386888
296115.00600000,2779918.30200000,-3.94056474,41782.44388045
296114.10400000,2779918.11300000,-3.91690718,41782.44389203
296113.31500000,2779917.82200000,-3.90326142,41782.44390360
296112.69500000,2779917.43800000,-3.89961565,41782.44391517
296112.20900000,2779916.95200000,-3.87595808,41782.44392675
296111.80300000,2779916.37500000,-3.86231231,41782.44393832
296111.54400000,2779915.71900000,-3.85865475,41782.44394990
296111.32700000,2779914.96100000,-3.83500898,41782.44396147
296111.18500000,2779914.09500000,-3.81136322,41782.44397304
296111.09000000,2779913.16700000,-3.79770565,41782.44398462
296111.07600000,2779912.16300000,-3.80405988,41782.44399619
296111.08400000,2779911.05400000,-3.77040232,41782.44400777
296111.18200000,2779909.85500000,-3.75675655,41782.44401934
296111.32700000,2779908.57100000,-3.74311078,41782.44403091
296111.55200000,2779907.24700000,-3.74945322,41782.44404249
296111.78700000,2779905.88300000,-3.73580745,41782.44405406
296112.09100000,2779904.50100000,-3.72214989,41782.44406564
296112.43800000,2779903.05700000,-3.69850412,41782.44407721
296112.83300000,2779901.56600000,-3.69485835,41782.44408878
296113.27200000,2779900.04800000,-3.69120079,41782.44410036
296113.72300000,2779898.52500000,-3.68755502,41782.44411193
296114.20100000,2779897.00800000,-3.67389745,41782.44412351
296114.72900000,2779895.48000000,-3.65025169,41782.44413508
296115.32500000,2779893.92100000,-3.63659413,41782.44414666
296116.00500000,2779892.35600000,-3.62294836,41782.44415823
296116.72600000,2779890.77900000,-3.62930259,41782.44416980
296117.42200000,2779889.18000000,-3.61564502,41782.44418138
296118.14300000,2779887.58400000,-3.61199925,41782.44419295
296118.88100000,2779885.95400000,-3.59834169,41782.44420453
296119.63100000,2779884.28600000,-3.57469593,41782.44421610
296120.40400000,2779882.55600000,-3.56105016,41782.44422767
296121.19700000,2779880.79800000,-3.55739259,41782.44423925
296121.94000000,2779879.00400000,-3.54374682,41782.44425082
296122.67100000,2779877.21800000,-3.54008926,41782.44426240
296123.37800000,2779875.44800000,-3.51644349,41782.44427397
296123.57800000,2779873.55100000,-3.50279773,41782.44428554
296124.50400000,2779871.62600000,-3.47914017,41782.44429712
296125.94800000,2779869.84000000,-3.46549439,41782.44430869
296127.00100000,2779868.43200000,-3.45183683,41782.44432027
296127.96300000,2779866.78100000,-3.43819106,41782.44433184
296128.91400000,2779865.09300000,-3.43454529,41782.44434341
296129.82900000,2779863.37200000,-3.42088773,41782.44435499
296130.71300000,2779861.62300000,-3.39724196,41782.44436656
296131.74900000,2779859.85200000,-3.38358440,41782.44437814
296132.87800000,2779858.09600000,-3.35993863,41782.44438971
296133.77400000,2779856.30300000,-3.33629286,41782.44440128
296134.64300000,2779854.49800000,-3.32263530,41782.44441286
296135.50400000,2779852.68900000,-3.31898953,41782.44442443
296136.32100000,2779850.85700000,-3.30533196,41782.44443601
296137.11700000,2779849.04000000,-3.29168620,41782.44444758
296137.93000000,2779847.32000000,-3.27802864,41782.44445916
296138.77600000,2779845.50700000,-3.26438287,41782.44447073
296139.63500000,2779843.66200000,-3.25073710,41782.44448230
296140.51500000,2779841.80300000,-3.23707953,41782.44449388
296141.38900000,2779839.92300000,-3.22343376,41782.44450545
296142.26800000,2779838.06300000,-3.21977620,41782.44451703
296143.11300000,2779836.20100000,-3.21613044,41782.44452860
296143.95700000,2779834.35000000,-3.19248467,41782.44454017
296144.82900000,2779832.52600000,-3.15882710,41782.44455175
296145.82200000,2779830.79700000,-3.14518133,41782.44456332
296146.83100000,2779829.11100000,-3.14152377,41782.44457490
296147.79800000,2779827.38900000,-3.12787800,41782.44458647
296148.74600000,2779825.60400000,-3.10423224,41782.44459804
296149.70100000,2779823.81300000,-3.10057468,41782.44460962
296150.66500000,2779821.97900000,-3.06692890,41782.44462119
296151.70200000,2779820.23300000,-3.07327134,41782.44463277
296152.72900000,2779818.50500000,-3.05962557,41782.44464434
296153.47100000,2779816.54000000,-3.04597980,41782.44465591
296154.51600000,2779814.72500000,-3.02232224,41782.44466749
296155.52100000,2779812.85300000,-3.01867647,41782.44467906
296156.51900000,2779811.03000000,-3.01501891,41782.44469064
296157.43600000,2779809.13700000,-2.99137314,41782.44470221
296158.46000000,2779807.31400000,-2.97772737,41782.44471378
296159.17100000,2779805.26400000,-2.94406981,41782.44472536
296160.33700000,2779803.53100000,-2.95042404,41782.44473693
296161.18100000,2779801.67200000,-2.91676647,41782.44474851
296161.60600000,2779799.66600000,-2.90312071,41782.44476008
296163.00100000,2779797.98500000,-2.89946315,41782.44477166
296164.24600000,2779795.80300000,-2.87581738,41782.44478323
296165.52300000,2779794.10900000,-2.86217161,41782.44479480
296166.76400000,2779792.35800000,-2.85851404,41782.44480638
296168.18600000,2779791.04900000,-2.83486827,41782.44481795
296169.70400000,2779789.73000000,-2.82121071,41782.44482953
296171.05500000,2779788.02700000,-2.81756495,41782.44484110
296172.43600000,2779786.44700000,-2.80391918,41782.44485267
296173.69200000,2779784.71200000,-2.79026162,41782.44486425
296174.98400000,2779782.87200000,-2.78661584,41782.44487582
296176.15200000,2779781.04400000,-2.77295828,41782.44488740
296177.22000000,2779779.28900000,-2.75931251,41782.44489897
296178.42800000,2779777.45200000,-2.74566675,41782.44491054
296179.52800000,2779775.69000000,-2.73200919,41782.44492212
296180.74100000,2779773.84600000,-2.71836341,41782.44493369
296181.83400000,2779772.03800000,-2.70470585,41782.44494527
296183.38400000,2779769.79400000,-2.69106008,41782.44495684
296184.35900000,2779768.09200000,-2.67741432,41782.44496841
296185.26100000,2779766.41600000,-2.66375675,41782.44497999
296186.21200000,2779764.65500000,-2.65011098,41782.44499156
296187.20900000,2779762.83400000,-2.63645342,41782.44500314
296188.16800000,2779760.99900000,-2.61280765,41782.44501471
296189.12300000,2779759.15400000,-2.59916188,41782.44502628
296190.07400000,2779757.31000000,-2.58550432,41782.44503786
296191.01800000,2779755.46000000,-2.58185855,41782.44504943
296191.94500000,2779753.60000000,-2.56820098,41782.44506101
296192.85100000,2779751.74000000,-2.54455522,41782.44507258
296193.74800000,2779749.88000000,-2.54089766,41782.44508416
296194.63600000,2779747.99700000,-2.52725189,41782.44509573
296195.50800000,2779746.09000000,-2.50360612,41782.44510730
296196.36000000,2779744.17200000,-2.48994856,41782.44511888
296197.15900000,2779742.24900000,-2.47630278,41782.44513045
296197.95200000,2779740.33000000,-2.46264522,41782.44514203
296198.71700000,2779738.41500000,-2.44899946,41782.44515360
296199.45900000,2779736.50100000,-2.43535369,41782.44516517
296200.21000000,2779734.58300000,-2.41169613,41782.44517675
296200.92100000,2779732.61900000,-2.38805035,41782.44518832
296201.56700000,2779730.63400000,-2.37439279,41782.44519990
296202.21200000,2779728.64100000,-2.38074702,41782.44521147
296202.80100000,2779726.63500000,-2.35710126,41782.44522304
296203.42200000,2779724.66300000,-2.35344370,41782.44523462
296204.04100000,2779722.70300000,-2.32979792,41782.44524619
296204.69300000,2779720.74600000,-2.31614036,41782.44525777
296205.37300000,2779718.78200000,-2.30249459,41782.44526934
296206.09200000,2779716.80000000,-2.28884883,41782.44528091
296206.83500000,2779714.81700000,-2.27519126,41782.44529249
296207.57700000,2779712.83100000,-2.27154550,41782.44530406
296208.31400000,2779710.88500000,-2.26788793,41782.44531564
296209.02800000,2779708.96600000,-2.24424216,41782.44532721
296209.74500000,2779707.05900000,-2.23059639,41782.44533878
296210.48400000,2779705.13500000,-2.21693883,41782.44535036
296211.24500000,2779703.18600000,-2.20329307,41782.44536193
296212.01500000,2779701.23700000,-2.18963549,41782.44537351
296212.79600000,2779699.29900000,-2.18598973,41782.44538508
296213.56900000,2779697.39200000,-2.17233217,41782.44539666
296214.36400000,2779695.51500000,-2.15868640,41782.44540823
296215.16100000,2779693.65000000,-2.15504063,41782.44541980
296215.97500000,2779691.73300000,-2.12138307,41782.44543138
296216.85100000,2779689.76300000,-2.11773730,41782.44544295
296217.79100000,2779687.75300000,-2.13407973,41782.44545453
296218.70000000,2779685.66800000,-2.11043397,41782.44546610
296219.59400000,2779683.53400000,-2.08678820,41782.44547767
296220.51800000,2779681.40700000,-2.06313064,41782.44548925
296221.49700000,2779679.28800000,-2.04948486,41782.44550082
296222.50100000,2779677.17100000,-2.02582730,41782.44551240
296223.51300000,2779675.05200000,-2.00218154,41782.44552397
296224.56800000,2779672.93200000,-1.98853577,41782.44553554
296225.61800000,2779670.80700000,-1.96487821,41782.44554712
296226.71000000,2779668.69100000,-1.95123243,41782.44555869
296227.81100000,2779666.55600000,-1.94757487,41782.44557027
296228.89300000,2779664.45800000,-1.92392910,41782.44558184
296229.91500000,2779662.44200000,-1.89028334,41782.44559341
296230.88900000,2779660.48900000,-1.85662577,41782.44560499
296231.89300000,2779658.59600000,-1.84298001,41782.44561656
296232.88200000,2779656.72700000,-1.83932244,41782.44562814
296233.87300000,2779654.86900000,-1.83567667,41782.44563971
296234.90700000,2779653.06100000,-1.83203090,41782.44565128
296235.92700000,2779651.27600000,-1.82837334,41782.44566286
296236.96400000,2779649.50500000,-1.82472758,41782.44567443
296237.95500000,2779647.72300000,-1.81107001,41782.44568601
296238.93600000,2779645.93200000,-1.80742424,41782.44569758
296239.88500000,2779644.12700000,-1.80376668,41782.44570916
296240.83300000,2779642.32500000,-1.80012091,41782.44572073
296241.76200000,2779640.50800000,-1.78647514,41782.44573230
296242.66600000,2779638.67800000,-1.76281758,41782.44574388
296243.57700000,2779636.84700000,-1.75917181,41782.44575545
296244.48300000,2779635.00100000,-1.74551424,41782.44576703
296245.39600000,2779633.13600000,-1.72186848,41782.44577860
296246.28600000,2779631.21600000,-1.70822271,41782.44579017
296247.16800000,2779629.27200000,-1.70456515,41782.44580175
296248.02800000,2779627.30000000,-1.69091937,41782.44581332
296248.84200000,2779625.28600000,-1.66726181,41782.44582490
296249.74400000,2779623.25200000,-1.65361605,41782.44583647
296250.65600000,2779621.17000000,-1.63997028,41782.44584804
296251.59600000,2779619.05400000,-1.62631272,41782.44585962
296252.53500000,2779616.91700000,-1.61266695,41782.44587119
296253.41400000,2779614.74600000,-1.59900938,41782.44588277
296254.30300000,2779612.56000000,-1.59272476,41782.44589434
296255.17800000,2779610.36300000,-1.58171785,41782.44590591
296256.03100000,2779608.15000000,-1.56806029,41782.44591749
296256.91200000,2779605.95900000,-1.56441452,41782.44592906
296257.81100000,2779603.78700000,-1.55075695,41782.44594064
296258.74400000,2779601.63800000,-1.53711118,41782.44595221
296259.65900000,2779599.44800000,-1.50346541,41782.44596378
296260.65000000,2779597.25700000,-1.48980785,41782.44597536
296261.67400000,2779595.02100000,-1.45616209,41782.44598693
296262.77400000,2779592.79300000,-1.44250452,41782.44599851
296263.91000000,2779590.54200000,-1.41885875,41782.44601008
296265.09300000,2779588.30500000,-1.40520119,41782.44602166
296266.31100000,2779586.10000000,-1.38155542,41782.44603323
296267.57000000,2779583.95200000,-18.96879821,41782.44604480
296268.84800000,2779581.86000000,-15.52292628,41782.44605638
296270.14400000,2779579.77200000,-6.78837845,41782.44606795
296271.44100000,2779577.68000000,-6.81187854,41782.44607953
296272.73300000,2779575.57200000,-6.81204515,41782.44609110
296273.98900000,2779573.43900000,-6.82360072,41782.44610267
296275.19900000,2779571.27000000,-6.83577243,41782.44611425
296276.39300000,2779569.09600000,-6.84550818,41782.44612582
296277.55600000,2779566.92200000,-6.88937853,41782.44613740
296278.71100000,2779564.75800000,-6.98954514,41782.44614897
296279.81400000,2779562.60400000,-6.90971175,41782.44616054
296280.87200000,2779560.43500000,-6.92987850,41782.44617212
296281.91200000,2779558.25200000,-6.93004511,41782.44618369
296282.96100000,2779556.04700000,-6.93021186,41782.44619527
296283.99700000,2779553.80500000,-7.01889646,41782.44620684
296285.05200000,2779551.52200000,-7.01054508,41782.44621841
296286.08400000,2779549.22700000,-6.97071183,41782.44622999
296287.03900000,2779546.91600000,-7.01124223,41782.44624156
296287.92700000,2779544.61100000,-7.04104519,41782.44625314
296288.75000000,2779542.32900000,-7.08593410,41782.44626471
296289.51700000,2779540.04600000,-7.13828743,41782.44627628
296290.26700000,2779537.74400000,-7.17154515,41782.44628786
296290.94300000,2779535.41500000,-7.18171176,41782.44629943
296291.61800000,2779533.05500000,-7.21187851,41782.44631101
296292.30000000,2779530.66100000,-7.22204512,41782.44632258
296293.01200000,2779528.25500000,-7.19221187,41782.44633416
296293.72300000,2779525.84100000,-7.14237848,41782.44634573
296294.47100000,2779523.45600000,-7.08254509,41782.44635730
296295.23900000,2779521.08000000,-7.11271184,41782.44636888
296296.05200000,2779518.70700000,-7.06287845,41782.44638045
296296.92300000,2779516.32600000,-7.12304520,41782.44639203
296297.83300000,2779513.92000000,-7.14067661,41782.44640360
296298.83200000,2779511.50200000,-7.15610586,41782.44641517
296299.85600000,2779509.10300000,-7.16687850,41782.44642675
296300.90700000,2779506.72000000,-7.19056358,41782.44643832
296301.95200000,2779504.35100000,-7.06187816,41782.44644990
296302.98800000,2779502.00800000,-7.07686218,41782.44646147
296304.00300000,2779499.67700000,-7.08421174,41782.44647304
296305.03900000,2779497.38700000,-7.10437850,41782.44648462
296306.06500000,2779495.09200000,-7.07454510,41782.44649619
296307.07700000,2779492.78400000,-7.05471186,41782.44650777
296308.10400000,2779490.45100000,-7.00960076,41782.44651934
296309.11500000,2779488.10200000,-7.00819314,41782.44653091
296310.12100000,2779485.75500000,-7.02521182,41782.44654249
296311.12000000,2779483.40000000,-7.11537843,41782.44655406
296312.12900000,2779481.04900000,-7.04554518,41782.44656564
296313.13200000,2779478.69100000,-7.04607533,41782.44657721
296314.12100000,2779476.32400000,-7.04587840,41782.44658878
296315.09600000,2779473.94800000,-7.05633078,41782.44660036
296316.06700000,2779471.57700000,-7.05935982,41782.44661193
296317.04600000,2779469.21000000,-7.07637851,41782.44662351
296318.05900000,2779466.83700000,-7.07654512,41782.44663508
296319.09200000,2779464.45400000,-7.06671187,41782.44664666
296320.14700000,2779462.08100000,-7.07021181,41782.44665823
296321.20800000,2779459.72500000,-7.08359057,41782.44666980
296322.29600000,2779457.38500000,-7.09721184,41782.44668138
296323.42200000,2779455.07000000,-7.10052651,41782.44669295
296324.60500000,2779452.76900000,-7.09754520,41782.44670453
296325.84100000,2779450.47200000,-7.11771181,41782.44671610
296327.07200000,2779448.17300000,-7.11787841,41782.44672767
296328.32000000,2779445.89900000,-7.18471183,41782.44673925
296329.56900000,2779443.65500000,-7.15654558,41782.44675082
296330.84400000,2779441.41800000,-7.13337853,41782.44676240
296332.15200000,2779439.16900000,-7.14854513,41782.44677397
296333.50100000,2779436.92800000,-7.15871174,41782.44678554
296334.86600000,2779434.69400000,-7.20887849,41782.44679712
296336.24600000,2779432.47200000,-7.16904510,41782.44680869
296337.62900000,2779430.25300000,-7.20587852,41782.44682027
296338.98700000,2779428.02200000,-7.21937846,41782.44683184
296340.32200000,2779425.80800000,-7.21639700,41782.44684341
296341.63900000,2779423.60300000,-7.22643912,41782.44685499
296342.93500000,2779421.39600000,-7.22987843,41782.44686656
296344.23700000,2779419.17500000,-7.28004518,41782.44687814
296345.55300000,2779416.94500000,-7.28965639,41782.44688971
296346.89400000,2779414.70300000,-7.28037840,41782.44690128
296348.24800000,2779412.46300000,-7.27387848,41782.44691286
296349.57900000,2779410.20000000,-7.29550619,41782.44692443
296350.89200000,2779407.92100000,-7.30087851,41782.44693601
296352.21400000,2779405.66000000,-7.30789691,41782.44694758
296353.57200000,2779403.40600000,-7.27371187,41782.44695916
296354.94400000,2779401.16800000,-7.27137847,41782.44697073
296356.32000000,2779398.93000000,-7.23154508,41782.44698230
296357.72000000,2779396.70800000,-7.26171183,41782.44699388
296359.09300000,2779394.47400000,-7.26187844,41782.44700545
296360.45700000,2779392.23900000,-7.34704519,41782.44701703
296361.79700000,2779390.01700000,-3.26076092,41782.44702860
296363.11800000,2779387.78500000,-7.27552661,41782.44704017
296364.42200000,2779385.53100000,-7.31254516,41782.44705175
296365.69600000,2779383.27000000,-7.29271177,41782.44706332
296366.93400000,2779381.01900000,-7.31621186,41782.44707490
296368.14700000,2779378.73600000,-7.28304513,41782.44708647
296369.33800000,2779376.42100000,-7.27848944,41782.44709804
296370.51600000,2779374.09900000,-7.37101458,41782.44710962
296371.68800000,2779371.78100000,-7.28354510,41782.44712119
296372.83500000,2779369.48700000,-7.29371185,41782.44713277
296373.91100000,2779367.32400000,-7.29387846,41782.44714434
296374.92800000,2779365.30500000,-7.29052646,41782.44715591
296375.91100000,2779363.37500000,-7.29087848,41782.44716749
296376.85300000,2779361.49800000,-7.32493382,41782.44717906
296377.79700000,2779359.70100000,-7.30127243,41782.44719064
296378.70700000,2779357.96600000,-7.30471178,41782.44720221
296379.60300000,2779356.28900000,-7.29960049,41782.44721378
296380.43400000,2779354.51200000,-7.29997667,41782.44722536
296381.05100000,2779352.34600000,-7.29866635,41782.44723693
296381.77300000,2779350.48700000,-7.28210580,41782.44724851
296382.57100000,2779348.81600000,-7.28245414,41782.44726008
296383.43200000,2779347.25000000,-7.27571186,41782.44727166
296384.24600000,2779345.69800000,-7.28847127,41782.44728323
296385.07500000,2779344.18900000,-7.29604508,41782.44729480
296385.92900000,2779342.70900000,-7.30621183,41782.44730638
296386.75200000,2779341.22900000,-7.30637844,41782.44731795
296387.55700000,2779339.74100000,-7.31654519,41782.44732953
296388.36400000,2779338.26500000,-7.31431740,41782.44734110
296389.14100000,2779336.79200000,-7.31451726,41782.44735267
296389.92400000,2779335.32600000,-7.32958036,41782.44736425
296390.70400000,2779333.85600000,-7.32721177,41782.44737582
296391.47900000,2779332.35100000,-7.33404518,41782.44738740
296392.28700000,2779330.85600000,-7.32754513,41782.44739897
296393.12000000,2779329.36400000,-7.34715634,41782.44741054
296393.98800000,2779327.87400000,-7.32787849,41782.44742212
296394.81900000,2779326.37200000,-7.34459058,41782.44743369
296395.65800000,2779324.87400000,-7.35821185,41782.44744527
296396.49200000,2779323.37200000,-7.41837845,41782.44745684
296397.32800000,2779321.86600000,-7.35854506,41782.44746841
296398.14900000,2779320.36000000,-7.35121181,41782.44747999
296399.02500000,2779318.87700000,-7.38258202,41782.44749156
296399.87000000,2779317.36200000,-7.37904517,41782.44750314
296400.74400000,2779315.86200000,-7.44921178,41782.44751471
296401.63600000,2779314.37400000,-7.48034993,41782.44752628
296402.52000000,2779312.89400000,-7.43954514,41782.44753786
296403.48500000,2779311.46600000,-7.44971175,41782.44754943
296404.36300000,2779310.08400000,-7.43987850,41782.44756101
296405.24400000,2779308.80300000,-7.45467531,41782.44757258
296406.05300000,2779307.58800000,-7.44034881,41782.44758416
296406.82900000,2779306.47000000,-7.43552128,41782.44759573
296407.55800000,2779305.41700000,-7.43526717,41782.44760730
296408.25200000,2779304.44200000,-7.43071183,41782.44761888
296408.91000000,2779303.51900000,-7.43087844,41782.44763045
296409.54900000,2779302.64600000,-7.45604519,41782.44764203
296410.22400000,2779301.82600000,-7.48121180,41782.44765360
296410.88900000,2779300.97400000,-7.45137840,41782.44766517
296411.61900000,2779300.09000000,-7.44821182,41782.44767675
296412.37900000,2779299.15500000,-7.45171176,41782.44768832
296413.17400000,2779298.17300000,-7.46187851,41782.44769990
296413.99600000,2779297.17000000,-7.45859052,41782.44771147
296414.80900000,2779296.10700000,-7.47573020,41782.44772304
296415.63100000,2779295.00300000,-7.52619653,41782.44773462
296416.44700000,2779293.92000000,-7.46761356,41782.44774619
296417.24200000,2779292.90300000,-7.47771184,41782.44775777
296418.02500000,2779291.93800000,-7.48658232,41782.44776934
296418.80800000,2779291.03000000,-7.47304506,41782.44778091
296419.59800000,2779290.17100000,-7.47321181,41782.44779249
296420.39200000,2779289.33700000,-7.48629497,41782.44780406
296421.18900000,2779288.55100000,-7.49354517,41782.44781564
296421.97900000,2779287.82300000,-7.49025727,41782.44782721
296422.73500000,2779287.12800000,-7.51078754,41782.44783878
296423.47600000,2779286.45500000,-7.51404514,41782.44785036
296424.18300000,2779285.80600000,-7.52421174,41782.44786193
296424.86300000,2779285.19200000,-7.53474229,41782.44787351
296425.51600000,2779284.62200000,-7.50454510,41782.44788508
296426.14400000,2779284.07700000,-7.48221186,41782.44789666
296426.76000000,2779283.54700000,-7.51487846,41782.44790823
296427.35900000,2779283.05700000,-7.42504132,41782.44791980
296427.95600000,2779282.60700000,-7.36852751,41782.44793138
296428.51900000,2779282.17500000,-7.34534690,41782.44794295
296429.07500000,2779281.76500000,-7.32084237,41782.44795453
296429.63300000,2779281.37000000,-7.25898581,41782.44796610
296430.19600000,2779280.98300000,-7.21580520,41782.44797767
296430.78100000,2779280.62700000,-7.14268531,41782.44798925
296431.36300000,2779280.27300000,-7.09611078,41782.44800082
296431.94200000,2779279.92300000,-7.06376366,41782.44801240
296432.51500000,2779279.56500000,-7.02326830,41782.44802397
296433.06000000,2779279.19200000,-6.98656909,41782.44803554
296433.57000000,2779278.80600000,-6.95672194,41782.44804712
296434.05200000,2779278.40100000,-6.99923857,41782.44805869
296434.52600000,2779278.02100000,-6.91702752,41782.44807027
296434.91700000,2779277.68700000,-6.85718025,41782.44808184
296435.23600000,2779277.33900000,-6.84085153,41782.44809341
296435.58700000,2779276.87200000,-6.80748583,41782.44810499
296435.87200000,2779276.42600000,-6.80449035,41782.44811656
296436.07600000,2779276.17300000,-6.79779141,41782.44812814
296436.34400000,2779275.91900000,-6.79849953,41782.44813971
296436.65600000,2779275.52700000,-6.82191517,41782.44815128
296436.89000000,2779275.13100000,-6.79824971,41782.44816286
296437.10500000,2779274.74100000,-6.81840244,41782.44817443
296437.32400000,2779274.34000000,-6.79855529,41782.44818601
296437.53000000,2779273.91900000,-6.79870802,41782.44819758
296437.73200000,2779273.48600000,-6.79886087,41782.44820916
296437.93900000,2779273.05000000,-6.81901360,41782.44822073
296438.14700000,2779272.60600000,-6.85027793,41782.44823230
296438.38900000,2779272.11200000,-6.84931918,41782.44824388
296438.65200000,2779271.55100000,-6.83947190,41782.44825545
296438.94400000,2779270.90900000,-6.83962476,41782.44826703
296439.28300000,2779270.20000000,-6.86348108,41782.44827860
296439.65200000,2779269.41900000,-6.83993021,41782.44829017
296440.07900000,2779268.52400000,-6.85008306,41782.44830175
296440.56800000,2779267.46800000,-6.84495789,41782.44831332
296441.13700000,2779266.24900000,-6.85038864,41782.44832490
296441.74200000,2779264.88500000,-6.88054137,41782.44833647
296442.40400000,2779263.41800000,-6.83305524,41782.44834804
296443.09000000,2779261.80400000,-6.82757421,41782.44835962
296443.81800000,2779260.18100000,-6.81099967,41782.44837119
296444.53000000,2779258.65900000,-6.81781920,41782.44838277
296445.14700000,2779257.19300000,-6.84130525,41782.44839434
296445.74900000,2779255.76200000,-6.84145798,41782.44840591
296446.28800000,2779254.32200000,-6.86161083,41782.44841749
296446.80200000,2779252.89800000,-6.86176356,41782.44842906
296447.29400000,2779251.47600000,-6.88691642,41782.44844064
296447.73800000,2779250.09100000,-6.90658982,41782.44845221
296448.14500000,2779248.70400000,-6.90222186,41782.44846378
296448.54900000,2779247.26300000,-6.90962612,41782.44847536
296448.91500000,2779245.77800000,-3.17829674,41782.44848693
296449.17700000,2779244.27900000,-6.92268030,41782.44849851
296449.43300000,2779242.85900000,-6.93283302,41782.44851008
296449.64700000,2779241.50100000,-6.97298588,41782.44852166
296449.84200000,2779240.18500000,-6.97313861,41782.44853323
296450.01800000,2779238.95500000,-6.99329133,41782.44854480
296450.21800000,2779237.79500000,-7.03844419,41782.44855638
296450.41200000,2779236.68700000,-7.07359691,41782.44856795
296450.59300000,2779235.60900000,-7.09374977,41782.44857953
296450.77200000,2779234.57000000,-7.14723582,41782.44859110
296450.97800000,2779233.58600000,-7.16877752,41782.44860267
296451.17500000,2779232.67100000,-7.19420807,41782.44861425
296451.37600000,2779231.77900000,-7.22491660,41782.44862582
296451.53400000,2779230.94000000,-7.25414986,41782.44863740
296451.70000000,2779230.13000000,-7.26781453,41782.44864897
296451.82800000,2779229.34500000,-7.25481910,41782.44866054
296451.94700000,2779228.64600000,-7.28247196,41782.44867212
296452.03400000,2779228.02800000,-3.26737740,41782.44868369
296452.06400000,2779227.58700000,-7.16527754,41782.44869527
296452.11600000,2779227.27400000,-7.23543026,41782.44870684
296452.09800000,2779227.08300000,-7.30030529,41782.44871841
296452.07700000,2779226.98200000,-7.29573584,41782.44872999
296452.07900000,2779226.90100000,-7.26588857,41782.44874156
296452.05900000,2779226.86000000,-7.28270809,41782.44875314
296451.99700000,2779226.86800000,-7.27619415,41782.44876471
296452.10200000,2779226.87400000,-7.30634687,41782.44877628
296452.02500000,2779226.88200000,-7.30983306,41782.44878786
296452.05200000,2779226.90300000,-7.30665245,41782.44879943
296452.05700000,2779226.94100000,-7.30680531,41782.44881101
296452.09000000,2779226.98400000,-7.29695803,41782.44882258
296452.10800000,2779227.03000000,-7.31204241,41782.44883416
296452.05400000,2779227.10100000,-7.31411541,41782.44884573
296452.05200000,2779227.18400000,-7.29741634,41782.44885730
296452.04100000,2779227.26200000,-7.32756919,41782.44886888
296452.03300000,2779227.35100000,-7.30772192,41782.44888045
296452.04800000,2779227.44600000,-7.29287477,41782.44889203
296452.01200000,2779227.51800000,-7.30802750,41782.44890360
296452.00700000,2779227.61200000,-7.29818022,41782.44891517
296452.08400000,2779227.71800000,-7.30166641,41782.44892675
296452.14100000,2779227.83000000,-7.29848580,41782.44893832
296452.14700000,2779227.91500000,-7.33863866,41782.44894990
296452.19400000,2779228.01100000,-7.28224589,41782.44896147
296452.21600000,2779228.12400000,-7.29894411,41782.44897304
296452.25400000,2779228.22100000,-7.26236971,41782.44898462
296452.27400000,2779228.32500000,-7.23924969,41782.44899619
296452.27700000,2779228.43100000,-7.31940254,41782.44900777
296452.27600000,2779228.52500000,-7.26955527,41782.44901934
296452.23000000,2779228.63700000,-7.19970799,41782.44903091
296452.16300000,2779228.73200000,-7.29986085,41782.44904249
296452.09600000,2779228.82400000,-7.29001357,41782.44905406
296451.99200000,2779228.91500000,-7.29349976,41782.44906564
296451.90600000,2779228.99000000,-7.32504145,41782.44907721
296451.80000000,2779229.07200000,-7.31047188,41782.44908878
296451.72500000,2779229.14700000,-7.33062473,41782.44910036
296451.64600000,2779229.21500000,-7.33605516,41782.44911193
296451.57000000,2779229.28000000,-7.33765757,41782.44912351
296451.51400000,2779229.32100000,-7.44108304,41782.44913508
296451.46300000,2779229.34900000,-7.35123589,41782.44914666
296451.43800000,2779229.39100000,-7.37152942,41782.44915823
296451.41800000,2779229.41800000,-7.40154134,41782.44916980
296451.41600000,2779229.44100000,-7.36169420,41782.44918138
296451.40900000,2779229.46200000,-7.37184692,41782.44919295
296451.38500000,2779229.49200000,-7.35181801,41782.44920453
296451.37000000,2779229.49500000,-7.25352198,41782.44921610
296451.33500000,2779229.51700000,-7.40921442,41782.44922767
296451.30200000,2779229.53700000,-7.36245808,41782.44923925
296451.27700000,2779229.55100000,-7.34261081,41782.44925082
296451.25200000,2779229.55800000,-7.34276366,41782.44926240
296451.25300000,2779229.57400000,-7.39812760,41782.44927397
296451.26700000,2779229.58900000,-7.37306911,41782.44928554
296451.21900000,2779229.57200000,-7.34322197,41782.44929712
296451.35700000,2779229.59400000,-7.36337469,41782.44930869
296451.27800000,2779229.56200000,-7.35352755,41782.44932027
296451.37300000,2779229.57600000,-7.35368027,41782.44933184
296451.30900000,2779229.55100000,-7.33383300,41782.44934341
296451.40600000,2779229.55700000,-7.33398585,41782.44935499
296451.43000000,2779229.54300000,-7.34413858,41782.44936656
296451.43600000,2779229.54200000,-7.34922296,41782.44937814
296451.43800000,2779229.52400000,-7.33789876,41782.44938971
296451.40500000,2779229.51200000,-7.32811548,41782.44940128
296451.47800000,2779229.52100000,-7.41989266,41782.44941286
296451.43400000,2779229.51300000,-7.33175426,41782.44942443
296451.42900000,2779229.50300000,-7.34505532,41782.44943601
296451.49900000,2779229.51000000,-7.35205984,41782.44944758
296451.44200000,2779229.49800000,-7.33536090,41782.44945916
296451.45400000,2779229.49300000,-7.37551362,41782.44947073
296451.48000000,2779229.50700000,-7.36330530,41782.44948230
296451.43100000,2779229.51300000,-7.34831921,41782.44949388
296451.42900000,2779229.53700000,-7.38597193,41782.44950545
296451.40700000,2779229.54800000,-7.34612479,41782.44951703
296451.27800000,2779229.51800000,-7.38627751,41782.44952860
296451.39400000,2779229.56100000,-7.38643023,41782.44954017
296451.30500000,2779229.54600000,-7.41658309,41782.44955175
296451.36400000,2779229.55300000,-7.40328122,41782.44956332
296451.38500000,2779229.56000000,-7.45355534,41782.44957490
296451.30300000,2779229.53700000,-7.39704140,41782.44958647
296451.35300000,2779229.53500000,-7.40719412,41782.44959804
296451.25800000,2779229.53400000,-7.41401364,41782.44960962
296451.31900000,2779229.55800000,-7.37749970,41782.44962119
296451.25800000,2779229.56800000,-7.36765256,41782.44963277
296451.27900000,2779229.58300000,-7.37780528,41782.44964434
296451.17200000,2779229.57000000,-7.37559685,41782.44965591
296451.22500000,2779229.62700000,-7.38811086,41782.44966749
296451.23500000,2779229.62600000,-7.39826359,41782.44967906
296451.21100000,2779229.58900000,-7.37841644,41782.44969064
296451.27700000,2779229.58400000,-7.37856917,41782.44970221
296451.27400000,2779229.57300000,-7.38872189,41782.44971378
296451.28600000,2779229.57800000,-7.38887475,41782.44972536
296451.28400000,2779229.57700000,-7.38557296,41782.44973693
296451.28400000,2779229.57600000,-7.39418033,41782.44974851
296451.28600000,2779229.58000000,-7.38933305,41782.44976008
296451.28400000,2779229.58400000,-7.38198591,41782.44977166
296451.28200000,2779229.58700000,-7.43992448,41782.44978323
296451.27900000,2779229.58900000,-7.39979136,41782.44979480
296451.27600000,2779229.59000000,-7.38994421,41782.44980638
296451.27500000,2779229.59100000,-7.38009694,41782.44981795
296451.27500000,2779229.59200000,-7.38024979,41782.44982953
296451.27600000,2779229.59200000,-7.38040252,41782.44984110
296451.27900000,2779229.59200000,-7.41291629,41782.44985267
296451.28400000,2779229.59300000,-7.40070810,41782.44986425
296451.28900000,2779229.59300000,-7.42086082,41782.44987582
296451.29500000,2779229.59500000,-7.39101368,41782.44988740
296451.30000000,2779229.59500000,-7.42116640,41782.44989897
296451.30600000,2779229.59400000,-7.41604143,41782.44991054
296451.31000000,2779229.59300000,-7.41147198,41782.44992212
296451.31500000,2779229.59000000,-7.39162471,41782.44993369
296451.31800000,2779229.58700000,-7.38177756,41782.44994527
296451.32200000,2779229.58400000,-7.41193029,41782.44995684
296451.32600000,2779229.58100000,-7.45208301,41782.44996841
296451.33000000,2779229.57700000,-7.44223587,41782.44997999
296451.33300000,2779229.57300000,-1.44474974,41782.44999156
296451.33700000,2779229.57000000,-1.46254145,41782.45000314
296451.34200000,2779229.56700000,-1.46269417,41782.45001471
296451.34700000,2779229.56400000,-1.47284690,41782.45002628
296451.35100000,2779229.56200000,-1.47299975,41782.45003786
296451.35500000,2779229.56100000,-1.47315248,41782.45004943
296451.35900000,2779229.55900000,-1.46330533,41782.45006101
296451.36400000,2779229.55800000,-1.46109691,41782.45007258
296451.36800000,2779229.55600000,-1.48611091,41782.45008416
296451.37500000,2779229.55400000,-1.48376364,41782.45009573
296451.38000000,2779229.55200000,-1.47391636,41782.45010730
296451.38700000,2779229.54900000,-1.49406922,41782.45011888
296451.39400000,2779229.54500000,-1.47422194,41782.45013045
296451.40000000,2779229.54100000,-1.48437480,41782.45014203
296451.40800000,2779229.53600000,-1.47452752,41782.45015360
296451.41500000,2779229.53100000,-1.49468025,41782.45016517
296451.42300000,2779229.52600000,-1.47483310,41782.45017675
296451.43000000,2779229.52100000,-1.47498583,41782.45018832
296451.43800000,2779229.51600000,-1.47513868,41782.45019990
296451.44600000,2779229.51000000,-1.46529141,41782.45021147
296451.45400000,2779229.50500000,-1.46544413,41782.45022304
296451.46200000,2779229.49900000,-1.46559699,41782.45023462
296451.47000000,2779229.49400000,-1.45574971,41782.45024619
296451.47900000,2779229.48900000,-1.45590257,41782.45025777
296451.48800000,2779229.48400000,-1.46605529,41782.45026934
296451.49600000,2779229.48000000,-1.44620802,41782.45028091
296451.50400000,2779229.47500000,-1.46636087,41782.45029249
296451.51200000,2779229.47000000,-1.44651360,41782.45030406
296451.52000000,2779229.46500000,-1.46666645,41782.45031564
296451.52600000,2779229.46100000,-1.45681918,41782.45032721
296451.53200000,2779229.45600000,-1.46697190,41782.45033878
296451.53700000,2779229.45200000,-1.46712476,41782.45035036
296451.54200000,2779229.44800000,-1.45727748,41782.45036193
296451.54700000,2779229.44400000,-1.46743034,41782.45037351
296451.55200000,2779229.44100000,-1.45758306,41782.45038508
296451.55600000,2779229.43800000,-1.44773592,41782.45039666
296451.56100000,2779229.43500000,-1.45788864,41782.45040823
296451.56500000,2779229.43200000,-1.45804137,41782.45041980
296451.56900000,2779229.43000000,-1.46819423,41782.45043138
296451.57200000,2779229.42800000,-1.45834695,41782.45044295
296451.57600000,2779229.42600000,-1.45849981,41782.45045453
296451.57900000,2779229.42400000,-1.45865253,41782.45046610
296451.58300000,2779229.42200000,-1.45880525,41782.45047767
296451.58600000,2779229.42000000,-1.45895811,41782.45048925
296451.58900000,2779229.41800000,-1.45911083,41782.45050082
296451.59200000,2779229.41600000,-1.46926369,41782.45051240
296451.59500000,2779229.41400000,-1.46941642,41782.45052397
296451.59700000,2779229.41200000,-1.45956914,41782.45053554
296451.60000000,2779229.41000000,-1.46972200,41782.45054712
296451.60200000,2779229.40900000,-1.45987472,41782.45055869
296451.60500000,2779229.40800000,-1.46004434,41782.45057154
296451.60800000,2779229.40700000,-1.47018030,41782.45058184
296451.61000000,2779229.40700000,-1.46033302,41782.45059341
296451.61200000,2779229.40600000,-1.47048588,41782.45060499