296403.377	2779249.528	0.020	41782.43787369
296403.387	2779250.406	0.010	41782.43789684
296403.392	2779250.849	0.010	41782.43790841
296403.398	2779251.751	-0.010	41782.43793156
296403.400	2779252.625	0.010	41782.43795471
296403.397	2779253.520	0.020	41782.43797786
296403.396	2779254.004	0.010	41782.43798943
296403.379	2779254.467	0.010	41782.43800101
296403.365	2779254.940	0.010	41782.43801258
296403.341	2779255.392	0.020	41782.43802416
296403.284	2779256.316	0.010	41782.43804730
296403.252	2779256.780	0.010	41782.43805888
296403.185	2779257.722	0.020	41782.43808203
296403.151	2779258.208	0.010	41782.43809360
296403.043	2779259.661	0.020	41782.43812832
296402.961	2779260.648	-0.020	41782.43815147
296402.909	2779261.108	0.010	41782.43816304
296402.873	2779261.615	-0.010	41782.43817462
296402.819	2779262.099	-0.010	41782.43818619
296402.707	2779263.098	2.040	41782.43820934
296402.634	2779263.570	2.090	41782.43822091
296402.582	2779264.048	2.050	41782.43823249
296402.520	2779264.512	2.030	41782.43824406
296402.458	2779264.996	2.070	41782.43825564
296402.389	2779265.482	2.030	41782.43826721
296402.326	2779265.984	2.030	41782.43827878
296402.275	2779266.483	2.040	41782.43829036
296402.205	2779266.964	2.020	41782.43830193
296402.148	2779267.459	0.010	41782.43831351
296402.093	2779267.946	2.030	41782.43832508
296402.038	2779268.420	2.020	41782.43833666
296401.979	2779268.900	0.010	41782.43834823
296401.916	2779269.387	2.030	41782.43835980
296401.856	2779269.868	2.030	41782.43837138
296401.794	2779270.345	2.040	41782.43838295
296401.731	2779270.839	2.030	41782.43839453
296401.660	2779271.314	2.020	41782.43840610
296401.595	2779271.807	2.040	41782.43841767
296401.532	2779272.278	2.030	41782.43842925
296401.457	2779272.761	2.030	41782.43844082
296401.385	2779273.243	2.030	41782.43845240
296401.320	2779273.729	2.020	41782.43846397
296401.246	2779274.228	2.040	41782.43847554
296401.173	2779274.722	2.020	41782.43848712
296401.090	2779275.260	2.040	41782.43849869
296401.023	2779275.856	2.040	41782.43851027
296400.952	2779276.329	2.020	41782.43852184
296400.895	2779276.777	2.030	41782.43853341
296400.821	2779277.208	2.030	41782.43854499
296400.754	2779277.667	2.030	41782.43855656
296400.682	2779278.164	2.030	41782.43856814
296400.603	2779278.634	2.030	41782.43857971
296400.532	2779279.092	2.100	41782.43859128
296400.430	2779279.616	2.070	41782.43860286
296400.341	2779280.129	2.280	41782.43861443
296399.759	2779282.919	0.010	41782.43868388
296399.564	2779283.857	0.010	41782.43870703
296399.466	2779284.342	3.080	41782.43871860
296399.361	2779284.792	0.010	41782.43873017
296399.234	2779285.278	3.040	41782.43874175
296399.139	2779285.758	-0.010	41782.43875332
296399.016	2779286.199	0.010	41782.43876490
296398.922	2779286.684	3.050	41782.43877647
296398.819	2779287.150	3.080	41782.43878804
296398.715	2779287.602	3.050	41782.43879962
296398.633	2779288.123	3.040	41782.43881119
296398.504	2779288.540	3.050	41782.43882277
296398.408	2779289.038	3.050	41782.43883434
296398.284	2779289.490	3.060	41782.43884591
296398.181	2779289.990	3.080	41782.43885749
296398.058	2779290.454	3.070	41782.43886906
296397.944	2779290.914	3.080	41782.43888064
296397.835	2779291.355	3.080	41782.43889221
296397.706	2779291.813	3.080	41782.43890378
296397.604	2779292.287	3.080	41782.43891536
296397.478	2779292.799	3.070	41782.43892693
296397.247	2779293.777	0.010	41782.43895008
296397.140	2779294.309	-0.010	41782.43896166
296396.876	2779295.276	0.010	41782.43898480
296396.761	2779295.738	0.010	41782.43899638
296396.386	2779297.229	0.010	41782.43903110
296396.278	2779297.700	-0.010	41782.43904267
296396.165	2779298.121	0.010	41782.43905425
296396.029	2779298.611	0.010	41782.43906582
296395.648	2779300.127	2.070	41782.43910054
296394.989	2779302.573	2.070	41782.43915841
296394.375	2779305.057	2.060	41782.43921628
296394.120	2779306.052	2.070	41782.43923943
296393.991	2779306.618	2.070	41782.43925101
296393.873	2779307.149	2.080	41782.43926258
296393.748	2779307.642	2.060	41782.43927416
296393.513	2779308.594	2.060	41782.43929730
296393.397	2779309.084	2.080	41782.43930888
296393.291	2779309.593	2.080	41782.43932045
296393.172	2779310.100	1.940	41782.43933203
296392.825	2779311.678	6.040	41782.43936675
296392.719	2779312.248	6.000	41782.43937832
296392.600	2779312.728	6.110	41782.43938990
296392.498	2779313.252	6.000	41782.43940147
296392.389	2779313.752	6.050	41782.43941304
296392.280	2779314.293	6.010	41782.43942462
296392.175	2779314.817	6.030	41782.43943619
296392.046	2779315.334	6.050	41782.43944777
296391.932	2779315.902	6.030	41782.43945934
296391.804	2779316.462	6.030	41782.43947091
296391.685	2779316.990	6.080	41782.43948249
296391.567	2779317.534	6.050	41782.43949406
296391.449	2779318.081	6.050	41782.43950564
296391.333	2779318.636	6.060	41782.43951721
296391.227	2779319.172	6.040	41782.43952878
296391.107	2779319.721	6.010	41782.43954036
296390.988	2779320.241	6.030	41782.43955193
296390.862	2779320.794	6.030	41782.43956351
296390.739	2779321.358	6.030	41782.43957508
296390.614	2779321.945	6.020	41782.43958666
296390.494	2779322.474	6.050	41782.43959823
296390.376	2779323.039	6.010	41782.43960980
296390.256	2779323.579	6.070	41782.43962138
296390.124	2779324.096	6.030	41782.43963295
296390.005	2779324.671	6.010	41782.43964453
296389.882	2779325.221	6.030	41782.43965610
296389.757	2779325.766	6.040	41782.43966767
296389.635	2779326.362	6.050	41782.43967925
296389.524	2779326.881	6.000	41782.43969082
296389.393	2779327.422	6.050	41782.43970240
296389.285	2779327.996	6.040	41782.43971397
296389.159	2779328.612	5.980	41782.43972554
296389.038	2779329.115	6.040	41782.43973712
296388.923	2779329.637	6.030	41782.43974869
296388.795	2779330.152	6.000	41782.43976027
296388.639	2779330.709	6.020	41782.43977184
296388.516	2779331.303	6.020	41782.43978341
296388.385	2779331.840	6.020	41782.43979499
296388.270	2779332.402	5.990	41782.43980656
296388.129	2779332.918	6.050	41782.43981814
296388.007	2779333.458	5.990	41782.43982971
296387.870	2779333.953	6.040	41782.43984128
296387.741	2779334.526	6.020	41782.43985286
296387.610	2779335.086	6.010	41782.43986443
296387.469	2779335.646	6.010	41782.43987601
296387.329	2779336.180	6.010	41782.43988758
296387.188	2779336.703	6.010	41782.43989916
296387.055	2779337.271	5.890	41782.43991073
296386.929	2779337.804	6.030	41782.43992230
296386.798	2779338.386	6.000	41782.43993388
296386.659	2779338.893	6.010	41782.43994545
296386.511	2779339.425	6.010	41782.43995703
296386.372	2779339.935	6.040	41782.43996860
296386.235	2779340.463	5.990	41782.43998017
296386.095	2779340.941	6.010	41782.43999175
296385.951	2779341.454	6.000	41782.44000332
296385.809	2779341.966	6.020	41782.44001490
296385.653	2779342.488	6.030	41782.44002647
296385.515	2779343.055	6.030	41782.44003804
296385.372	2779343.569	6.010	41782.44004962
296385.242	2779344.080	5.990	41782.44006119
296385.083	2779344.525	6.000	41782.44007277
296384.937	2779345.047	6.010	41782.44008434
296384.780	2779345.603	6.030	41782.44009591
296384.639	2779346.131	5.990	41782.44010749
296384.497	2779346.605	6.000	41782.44011906
296384.352	2779347.139	5.980	41782.44013064
296384.212	2779347.607	5.990	41782.44014221
296384.068	2779348.082	5.990	41782.44015378
296383.909	2779348.728	6.000	41782.44016536
296383.774	2779349.209	6.000	41782.44017693
296383.633	2779349.589	5.980	41782.44018851
296383.440	2779350.395	6.030	41782.44020008
296383.277	2779351.151	5.980	41782.44021166
296383.189	2779351.473	-0.010	41782.44022323
296383.024	2779352.176	6.000	41782.44023480
296382.902	2779352.690	6.000	41782.44024638
296382.777	2779353.165	6.010	41782.44025795
296382.652	2779353.639	6.000	41782.44026953
296382.517	2779354.115	6.010	41782.44028110
296382.378	2779354.595	6.020	41782.44029267
296382.227	2779355.081	6.020	41782.44030425
296382.081	2779355.562	6.040	41782.44031582
296381.940	2779356.085	6.000	41782.44032740
296381.785	2779356.583	6.010	41782.44033897
296381.639	2779357.099	6.060	41782.44035054
296381.504	2779357.652	6.010	41782.44036212
296381.349	2779358.143	6.030	41782.44037369
296381.199	2779358.618	6.090	41782.44038527
296381.049	2779359.165	6.040	41782.44039684
296380.884	2779359.639	6.060	41782.44040841
296380.722	2779360.169	6.020	41782.44041999
296380.570	2779360.695	6.050	41782.44043156
296380.423	2779361.186	6.070	41782.44044314
296380.282	2779361.716	6.010	41782.44045471
296380.130	2779362.211	6.050	41782.44046628
296379.973	2779362.737	6.060	41782.44047786
296379.811	2779363.282	6.110	41782.44048943
296379.646	2779363.746	6.100	41782.44050101
296379.476	2779364.289	6.080	41782.44051258
296379.314	2779364.806	6.060	41782.44052416
296379.141	2779365.342	6.030	41782.44053573
296378.981	2779365.865	6.060	41782.44054730
296378.830	2779366.371	6.050	41782.44055888
296378.669	2779366.905	6.010	41782.44057045
296378.513	2779367.431	6.110	41782.44058203
296378.363	2779367.952	6.040	41782.44059360
296378.208	2779368.488	6.020	41782.44060517
296378.047	2779369.013	6.050	41782.44061675
296377.913	2779369.552	6.070	41782.44062832
296377.757	2779370.092	6.030	41782.44063990
296377.604	2779370.626	6.030	41782.44065147
296377.444	2779371.139	6.070	41782.44066304
296377.285	2779371.699	6.030	41782.44067462
296377.109	2779372.211	6.050	41782.44068619
296376.931	2779372.735	6.070	41782.44069777
296376.772	2779373.307	6.040	41782.44070934
296376.617	2779373.828	6.070	41782.44072091
296376.465	2779374.387	6.040	41782.44073249
296376.298	2779374.931	6.040	41782.44074406
296376.135	2779375.480	6.060	41782.44075564
296375.965	2779376.024	6.060	41782.44076721
296375.792	2779376.568	6.060	41782.44077878
296375.634	2779377.097	6.040	41782.44079036
296375.463	2779377.658	6.020	41782.44080193
296375.287	2779378.181	6.110	41782.44081351
296375.131	2779378.777	6.020	41782.44082508
296374.956	2779379.279	6.030	41782.44083666
296374.844	2779379.840	6.020	41782.44084823
296374.807	2779380.327	6.020	41782.44085980
296374.931	2779380.800	5.970	41782.44087138
296375.215	2779381.196	6.030	41782.44088295
296375.644	2779381.675	6.000	41782.44089453
296376.221	2779382.159	6.020	41782.44090610
296376.916	2779382.776	5.990	41782.44091767
296377.723	2779383.468	6.020	41782.44092925
296378.572	2779384.331	6.040	41782.44094082
296379.437	2779385.393	6.010	41782.44095240
296380.313	2779386.593	6.050	41782.44096397
296381.122	2779387.972	6.090	41782.44097554
296381.873	2779389.488	6.100	41782.44098712
296382.487	2779391.047	6.120	41782.44099869
296382.874	2779392.674	6.100	41782.44101027
296383.243	2779394.320	6.110	41782.44102184
296383.445	2779395.996	6.100	41782.44103341
296383.535	2779397.702	6.100	41782.44104499
296383.500	2779399.436	6.100	41782.44105656
296383.356	2779401.176	6.100	41782.44106814
296383.082	2779402.907	6.090	41782.44107971
296382.745	2779404.643	6.090	41782.44109128
296382.274	2779406.373	6.080	41782.44110286
296381.775	2779408.125	6.070	41782.44111443
296381.199	2779409.867	6.070	41782.44112601
296380.595	2779411.657	6.060	41782.44113758
296379.953	2779413.466	6.050	41782.44114916
296379.285	2779415.324	6.060	41782.44116073
296378.606	2779417.215	6.040	41782.44117230
296377.909	2779419.115	6.040	41782.44118388
296377.212	2779421.067	6.040	41782.44119545
296376.515	2779423.032	6.020	41782.44120703
296375.825	2779425.049	6.040	41782.44121860
296375.147	2779427.099	6.030	41782.44123017
296374.453	2779429.158	6.030	41782.44124175
296373.742	2779431.257	6.030	41782.44125332
296373.015	2779433.371	6.020	41782.44126490
296372.279	2779435.507	6.030	41782.44127647
296371.517	2779437.647	6.030	41782.44128804
296370.728	2779439.805	6.030	41782.44129962
296369.901	2779441.968	6.030	41782.44131119
296369.035	2779444.145	6.030	41782.44132277
296368.157	2779446.322	6.030	41782.44133434
296367.230	2779448.499	6.030	41782.44134591
296366.301	2779450.680	6.040	41782.44135749
296365.364	2779452.881	6.040	41782.44136906
296364.429	2779455.081	6.030	41782.44138064
296363.488	2779457.293	6.040	41782.44139221
296362.545	2779459.501	6.040	41782.44140378
296361.606	2779461.722	6.040	41782.44141536
296360.674	2779463.965	6.040	41782.44142693
296359.749	2779466.220	6.040	41782.44143851
296358.818	2779468.475	6.040	41782.44145008
296357.904	2779470.742	6.050	41782.44146166
296356.984	2779473.007	6.040	41782.44147323
296356.077	2779475.284	6.050	41782.44148480
296355.179	2779477.578	6.040	41782.44149638
296354.285	2779479.862	6.040	41782.44150795
296353.387	2779482.172	6.050	41782.44151953
296352.488	2779484.469	6.040	41782.44153110
296351.598	2779486.785	6.050	41782.44154267
296350.729	2779489.094	6.040	41782.44155425
296349.895	2779491.410	6.050	41782.44156582
296349.060	2779493.736	6.040	41782.44157740
296348.266	2779496.053	6.050	41782.44158897
296347.461	2779498.395	6.050	41782.44160054
296346.699	2779500.730	6.050	41782.44161212
296345.943	2779503.101	6.060	41782.44162369
296345.205	2779505.470	6.040	41782.44163527
296344.469	2779507.837	6.050	41782.44164684
296343.746	2779510.235	6.040	41782.44165841
296343.057	2779512.610	6.050	41782.44166999
296342.320	2779514.991	6.050	41782.44168156
296341.595	2779517.361	6.040	41782.44169314
296340.815	2779519.735	6.060	41782.44170471
296340.047	2779522.108	6.040	41782.44171628
296339.276	2779524.485	6.060	41782.44172786
296338.471	2779526.847	6.040	41782.44173943
296337.675	2779529.209	6.050	41782.44175101
296336.842	2779531.601	6.040	41782.44176258
296336.017	2779533.958	6.050	41782.44177416
296335.181	2779536.334	6.050	41782.44178573
296334.339	2779538.681	6.040	41782.44179730
296333.487	2779541.049	6.050	41782.44180888
296332.620	2779543.397	6.040	41782.44182045
296331.748	2779545.734	6.050	41782.44183203
296330.849	2779548.065	6.050	41782.44184360
296329.937	2779550.391	6.050	41782.44185517
296328.996	2779552.723	6.050	41782.44186675
296328.054	2779555.045	6.050	41782.44187832
296327.112	2779557.373	6.050	41782.44188990
296326.149	2779559.678	6.050	41782.44190147
296325.185	2779562.001	6.050	41782.44191304
296324.213	2779564.316	6.050	41782.44192462
296323.223	2779566.624	6.050	41782.44193619
296322.233	2779568.927	6.050	41782.44194777
296321.221	2779571.234	6.050	41782.44195934
296320.227	2779573.548	6.050	41782.44197091
296319.198	2779575.830	6.050	41782.44198249
296318.153	2779578.125	6.060	41782.44199406
296317.090	2779580.399	6.050	41782.44200564
296316.019	2779582.691	6.060	41782.44201721
296314.964	2779584.981	6.050	41782.44202878
296313.874	2779587.249	6.050	41782.44204036
296312.794	2779589.546	6.050	41782.44205193
296311.713	2779591.826	6.050	41782.44206351
296310.657	2779594.114	6.050	41782.44207508
296309.589	2779596.388	6.050	41782.44208666
296308.530	2779598.695	6.060	41782.44209823
296307.461	2779600.991	6.050	41782.44210980
296306.407	2779603.302	6.050	41782.44212138
296305.345	2779605.607	6.050	41782.44213295
296304.270	2779607.921	6.050	41782.44214453
296303.176	2779610.224	6.040	41782.44215610
296302.081	2779612.522	6.050	41782.44216767
296300.981	2779614.810	6.040	41782.44217925
296299.849	2779617.093	6.040	41782.44219082
296298.728	2779619.386	6.050	41782.44220240
296297.569	2779621.643	6.040	41782.44221397
296296.413	2779623.913	6.050	41782.44222554
296295.233	2779626.178	6.050	41782.44223712
296294.041	2779628.446	6.050	41782.44224869
296292.863	2779630.698	6.050	41782.44226027
296291.684	2779632.942	6.060	41782.44227184
296290.508	2779635.195	6.050	41782.44228341
296289.326	2779637.427	6.050	41782.44229499
296288.164	2779639.688	6.060	41782.44230656
296286.997	2779641.925	6.050	41782.44231814
296285.867	2779644.205	6.050	41782.44232971
296284.761	2779646.469	6.050	41782.44234128
296283.673	2779648.785	6.050	41782.44235286
296282.616	2779651.089	6.050	41782.44236443
296281.563	2779653.424	6.060	41782.44237601
296280.551	2779655.737	6.050	41782.44238758
296279.524	2779658.090	6.070	41782.44239916
296278.541	2779660.453	6.050	41782.44241073
296277.566	2779662.833	6.060	41782.44242230
296276.643	2779665.252	6.070	41782.44243388
296275.670	2779667.628	6.060	41782.44244545
296274.695	2779670.038	6.070	41782.44245703
296273.696	2779672.406	6.060	41782.44246860
296272.706	2779674.795	6.060	41782.44248017
296271.691	2779677.157	6.050	41782.44249175
296270.663	2779679.534	6.060	41782.44250332
296269.649	2779681.914	6.040	41782.44251490
296268.598	2779684.296	6.040	41782.44252647
296267.622	2779686.706	6.050	41782.44253804
296266.597	2779689.077	6.040	41782.44254962
296265.580	2779691.505	6.050	41782.44256119
296264.585	2779693.913	6.050	41782.44257277
296263.569	2779696.331	6.050	41782.44258434
296262.566	2779698.739	6.050	41782.44259591
296261.525	2779701.144	6.040	41782.44260749
296260.519	2779703.544	6.050	41782.44261906
296259.485	2779705.956	6.040	41782.44263064
296258.459	2779708.360	6.050	41782.44264221
296257.413	2779710.774	6.050	41782.44265378
296256.345	2779713.172	6.050	41782.44266536
296255.268	2779715.601	6.050	41782.44267693
296254.184	2779717.992	6.050	41782.44268851
296253.083	2779720.405	6.050	41782.44270008
296251.973	2779722.769	6.040	41782.44271166
296250.857	2779725.157	6.060	41782.44272323
296249.734	2779727.528	6.050	41782.44273480
296248.593	2779729.891	6.050	41782.44274638
296247.448	2779732.252	6.050	41782.44275795
296246.313	2779734.615	6.050	41782.44276953
296245.138	2779736.961	6.050	41782.44278110
296243.966	2779739.308	6.050	41782.44279267
296242.788	2779741.638	6.050	41782.44280425
296241.621	2779743.982	6.050	41782.44281582
296240.450	2779746.325	6.040	41782.44282740
296239.287	2779748.675	6.050	41782.44283897
296238.153	2779751.011	6.050	41782.44285054
296236.991	2779753.372	6.050	41782.44286212
296235.837	2779755.721	6.050	41782.44287369
296234.671	2779758.070	6.060	41782.44288527
296233.463	2779760.382	6.050	41782.44289684
296232.209	2779762.675	6.050	41782.44290841
296230.959	2779764.960	6.050	41782.44291999
296229.635	2779767.212	6.050	41782.44293156
296228.323	2779769.461	6.050	41782.44294314
296226.965	2779771.682	6.050	41782.44295471
296225.590	2779773.917	6.040	41782.44296628
296224.256	2779776.130	6.050	41782.44297786
296222.900	2779778.336	6.050	41782.44298943
296221.578	2779780.549	6.050	41782.44300101
296220.227	2779782.781	6.050	41782.44301258
296218.913	2779784.995	6.050	41782.44302416
296217.601	2779787.219	6.050	41782.44303573
296216.315	2779789.422	6.050	41782.44304730
296215.018	2779791.645	6.060	41782.44305888
296213.722	2779793.882	6.050	41782.44307045
296212.451	2779796.103	6.060	41782.44308203
296211.300	2779798.271	6.050	41782.44309360
296210.584	2779800.245	6.060	41782.44310517
296210.290	2779802.031	6.050	41782.44311675
296209.747	2779803.889	6.050	41782.44312832
296209.133	2779806.119	6.060	41782.44313990
296208.777	2779807.895	6.050	41782.44315147
296207.969	2779809.899	6.050	41782.44316304
296206.968	2779812.229	6.050	41782.44317462
296205.572	2779814.941	6.050	41782.44318619
296204.372	2779817.507	6.060	41782.44319758
296203.191	2779819.977	6.050	41782.44320934
296204.142	2779818.451	6.050	41782.44322091
296201.611	2779822.470	6.050	41782.44323249
296198.616	2779826.850	6.050	41782.44324406
296196.795	2779829.555	6.050	41782.44325564
296194.449	2779831.154	6.040	41782.44326721
296191.994	2779833.664	6.050	41782.44327878
296189.475	2779836.102	6.040	41782.44329036
296187.942	2779838.401	6.050	41782.44330193
296186.563	2779840.715	6.040	41782.44331332
296185.260	2779843.068	6.050	41782.44332508
296184.035	2779845.509	6.050	41782.44333666
296182.746	2779847.887	6.050	41782.44334823
296181.441	2779850.308	6.050	41782.44335980
296180.132	2779852.722	6.050	41782.44337119
296178.928	2779855.626	6.050	41782.44338277
296177.692	2779858.116	6.060	41782.44339434
296176.361	2779860.441	6.060	41782.44340591
296175.004	2779862.727	6.050	41782.44341749
296173.542	2779865.103	6.060	41782.44342906
296172.080	2779867.375	6.050	41782.44344064
296170.553	2779869.616	6.060	41782.44345221
296169.062	2779871.835	6.060	41782.44346378
296167.545	2779874.036	6.060	41782.44347536
296166.059	2779876.227	6.060	41782.44348693
296164.535	2779878.406	6.060	41782.44349851
296163.022	2779880.576	6.050	41782.44351008
296161.498	2779882.728	6.060	41782.44352166
296159.944	2779884.868	6.050	41782.44353323
296158.398	2779886.960	6.050	41782.44354480
296156.828	2779889.019	6.050	41782.44355638
296155.255	2779891.038	6.060	41782.44356795
296153.649	2779892.979	6.050	41782.44357953
296152.052	2779894.877	6.050	41782.44359110
296150.428	2779896.697	6.050	41782.44360267
296148.797	2779898.434	6.050	41782.44361425
296147.180	2779900.127	6.070	41782.44362582
296145.569	2779901.680	6.070	41782.44363740
296144.013	2779903.096	6.060	41782.44364897
296142.330	2779904.697	6.060	41782.44366054
296140.651	2779906.173	6.050	41782.44367212
296139.013	2779907.604	6.060	41782.44368369
296137.382	2779908.940	6.060	41782.44369527
296135.760	2779910.204	6.060	41782.44370684
296134.153	2779911.388	6.060	41782.44371841
296132.559	2779912.498	6.060	41782.44372999
296130.982	2779913.512	6.060	41782.44374156
296129.459	2779914.409	6.060	41782.44375314
296128.162	2779914.897	6.060	41782.44376471
296126.758	2779915.540	6.060	41782.44377628
296125.284	2779916.223	6.060	41782.44378786
296123.812	2779916.812	6.060	41782.44379943
296122.346	2779917.354	6.060	41782.44381101
296120.977	2779917.759	6.060	41782.44382258
296119.608	2779918.073	6.060	41782.44383416
296118.312	2779918.280	6.060	41782.44384573
296117.134	2779918.382	6.060	41782.44385730
296116.012	2779918.405	6.050	41782.44386888
296115.006	2779918.302	6.060	41782.44388045
296114.104	2779918.113	6.070	41782.44389203
296113.315	2779917.822	6.070	41782.44390360
296112.695	2779917.438	6.060	41782.44391517
296112.209	2779916.952	6.070	41782.44392675
296111.803	2779916.375	6.070	41782.44393832
296111.544	2779915.719	6.060	41782.44394990
296111.327	2779914.961	6.070	41782.44396147
296111.185	2779914.095	6.080	41782.44397304
296111.090	2779913.167	6.080	41782.44398462
296111.076	2779912.163	6.060	41782.44399619
296111.084	2779911.054	6.080	41782.44400777
296111.182	2779909.855	6.080	41782.44401934
296111.327	2779908.571	6.080	41782.44403091
296111.552	2779907.247	6.060	41782.44404249
296111.787	2779905.883	6.060	41782.44405406
296112.091	2779904.501	6.060	41782.44406564
296112.438	2779903.057	6.070	41782.44407721
296112.833	2779901.566	6.060	41782.44408878
296113.272	2779900.048	6.050	41782.44410036
296113.723	2779898.525	6.040	41782.44411193
296114.201	2779897.008	6.040	41782.44412351
296114.729	2779895.480	6.050	41782.44413508
296115.325	2779893.921	6.050	41782.44414666
296116.005	2779892.356	6.050	41782.44415823
296116.726	2779890.779	6.030	41782.44416980
296117.422	2779889.180	6.030	41782.44418138
296118.143	2779887.584	6.020	41782.44419295
296118.881	2779885.954	6.020	41782.44420453
296119.631	2779884.286	6.030	41782.44421610
296120.404	2779882.556	6.030	41782.44422767
296121.197	2779880.798	6.020	41782.44423925
296121.940	2779879.004	6.020	41782.44425082
296122.671	2779877.218	6.010	41782.44426240
296123.378	2779875.448	6.020	41782.44427397
296123.578	2779873.551	6.020	41782.44428554
296124.504	2779871.626	6.030	41782.44429712
296125.948	2779869.840	6.030	41782.44430869
296127.001	2779868.432	6.030	41782.44432027
296127.963	2779866.781	6.030	41782.44433184
296128.914	2779865.093	6.020	41782.44434341
296129.829	2779863.372	6.020	41782.44435499
296130.713	2779861.623	6.030	41782.44436656
296131.749	2779859.852	6.030	41782.44437814
296132.878	2779858.096	6.040	41782.44438971
296133.774	2779856.303	6.050	41782.44440128
296134.643	2779854.498	6.050	41782.44441286
296135.504	2779852.689	6.040	41782.44442443
296136.321	2779850.857	6.040	41782.44443601
296137.117	2779849.040	6.040	41782.44444758
296137.930	2779847.320	6.040	41782.44445916
296138.776	2779845.507	6.040	41782.44447073
296139.635	2779843.662	6.040	41782.44448230
296140.515	2779841.803	6.040	41782.44449388
296141.389	2779839.923	6.040	41782.44450545
296142.268	2779838.063	6.030	41782.44451703
296143.113	2779836.201	6.020	41782.44452860
296143.957	2779834.350	6.030	41782.44454017
296144.829	2779832.526	6.050	41782.44455175
296145.822	2779830.797	6.050	41782.44456332
296146.831	2779829.111	6.040	41782.44457490
296147.798	2779827.389	6.040	41782.44458647
296148.746	2779825.604	6.050	41782.44459804
296149.701	2779823.813	6.040	41782.44460962
296150.665	2779821.979	6.060	41782.44462119
296151.702	2779820.233	6.040	41782.44463277
296152.729	2779818.505	6.040	41782.44464434
296153.471	2779816.540	6.040	41782.44465591
296154.516	2779814.725	6.050	41782.44466749
296155.521	2779812.853	6.040	41782.44467906
296156.519	2779811.030	6.030	41782.44469064
296157.436	2779809.137	6.040	41782.44470221
296158.460	2779807.314	6.040	41782.44471378
296159.171	2779805.264	6.060	41782.44472536
296160.337	2779803.531	6.040	41782.44473693
296161.181	2779801.672	6.060	41782.44474851
296161.606	2779799.666	6.060	41782.44476008
296163.001	2779797.985	6.050	41782.44477166
296164.246	2779795.803	6.060	41782.44478323
296165.523	2779794.109	6.060	41782.44479480
296166.764	2779792.358	6.050	41782.44480638
296168.186	2779791.049	6.060	41782.44481795
296169.704	2779789.730	6.060	41782.44482953
296171.055	2779788.027	6.050	41782.44484110
296172.436	2779786.447	6.050	41782.44485267
296173.692	2779784.712	6.050	41782.44486425
296174.984	2779782.872	6.040	41782.44487582
296176.152	2779781.044	6.040	41782.44488740
296177.220	2779779.289	6.040	41782.44489897
296178.428	2779777.452	6.040	41782.44491054
296179.528	2779775.690	6.040	41782.44492212
296180.741	2779773.846	6.040	41782.44493369
296181.834	2779772.038	6.040	41782.44494527
296183.384	2779769.794	6.040	41782.44495684
296184.359	2779768.092	6.040	41782.44496841
296185.261	2779766.416	6.040	41782.44497999
296186.212	2779764.655	6.040	41782.44499156
296187.209	2779762.834	6.040	41782.44500314
296188.168	2779760.999	6.050	41782.44501471
296189.123	2779759.154	6.050	41782.44502628
296190.074	2779757.310	6.050	41782.44503786
296191.018	2779755.460	6.040	41782.44504943
296191.945	2779753.600	6.040	41782.44506101
296192.851	2779751.740	6.050	41782.44507258
296193.748	2779749.880	6.040	41782.44508416
296194.636	2779747.997	6.040	41782.44509573
296195.508	2779746.090	6.050	41782.44510730
296196.360	2779744.172	6.050	41782.44511888
296197.159	2779742.249	6.050	41782.44513045
296197.952	2779740.330	6.050	41782.44514203
296198.717	2779738.415	6.050	41782.44515360
296199.459	2779736.501	6.050	41782.44516517
296200.210	2779734.583	6.060	41782.44517675
296200.921	2779732.619	6.070	41782.44518832
296201.567	2779730.634	6.070	41782.44519990
296202.212	2779728.641	6.050	41782.44521147
296202.801	2779726.635	6.060	41782.44522304
296203.422	2779724.663	6.050	41782.44523462
296204.041	2779722.703	6.060	41782.44524619
296204.693	2779720.746	6.060	41782.44525777
296205.373	2779718.782	6.060	41782.44526934
296206.092	2779716.800	6.060	41782.44528091
296206.835	2779714.817	6.060	41782.44529249
296207.577	2779712.831	6.050	41782.44530406
296208.314	2779710.885	6.040	41782.44531564
296209.028	2779708.966	6.050	41782.44532721
296209.745	2779707.059	6.050	41782.44533878
296210.484	2779705.135	6.050	41782.44535036
296211.245	2779703.186	6.050	41782.44536193
296212.015	2779701.237	6.050	41782.44537351
296212.796	2779699.299	6.040	41782.44538508
296213.569	2779697.392	6.040	41782.44539666
296214.364	2779695.515	6.040	41782.44540823
296215.161	2779693.650	6.030	41782.44541980
296215.975	2779691.733	6.050	41782.44543138
296216.851	2779689.763	6.040	41782.44544295
296217.791	2779687.753	6.010	41782.44545453
296218.700	2779685.668	6.020	41782.44546610
296219.594	2779683.534	6.030	41782.44547767
296220.518	2779681.407	6.040	41782.44548925
296221.497	2779679.288	6.040	41782.44550082
296222.501	2779677.171	6.050	41782.44551240
296223.513	2779675.052	6.060	41782.44552397
296224.568	2779672.932	6.060	41782.44553554
296225.618	2779670.807	6.070	41782.44554712
296226.710	2779668.691	6.070	41782.44555869
296227.811	2779666.556	6.060	41782.44557027
296228.893	2779664.458	6.070	41782.44558184
296229.915	2779662.442	6.090	41782.44559341
296230.889	2779660.489	6.110	41782.44560499
296231.893	2779658.596	6.110	41782.44561656
296232.882	2779656.727	6.100	41782.44562814
296233.873	2779654.869	6.090	41782.44563971
296234.907	2779653.061	6.080	41782.44565128
296235.927	2779651.276	6.070	41782.44566286
296236.964	2779649.505	6.060	41782.44567443
296237.955	2779647.723	6.060	41782.44568601
296238.936	2779645.932	6.050	41782.44569758
296239.885	2779644.127	6.040	41782.44570916
296240.833	2779642.325	6.030	41782.44572073
296241.762	2779640.508	6.030	41782.44573230
296242.666	2779638.678	6.040	41782.44574388
296243.577	2779636.847	6.030	41782.44575545
296244.483	2779635.001	6.030	41782.44576703
296245.396	2779633.136	6.040	41782.44577860
296246.286	2779631.216	6.040	41782.44579017
296247.168	2779629.272	6.030	41782.44580175
296248.028	2779627.300	6.030	41782.44581332
296248.842	2779625.286	6.040	41782.44582490
296249.744	2779623.252	6.040	41782.44583647
296250.656	2779621.170	6.040	41782.44584804
296251.596	2779619.054	6.040	41782.44585962
296252.535	2779616.917	6.040	41782.44587119
296253.414	2779614.746	6.040	41782.44588277
296254.303	2779612.560	6.040	41782.44589434
296255.178	2779610.363	6.030	41782.44590591
296256.031	2779608.150	6.030	41782.44591749
296256.912	2779605.959	6.020	41782.44592906
296257.811	2779603.787	6.020	41782.44594064
296258.744	2779601.638	6.020	41782.44595221
296259.659	2779599.448	6.040	41782.44596378
296260.650	2779597.257	6.040	41782.44597536
296261.674	2779595.021	6.060	41782.44598693
296262.774	2779592.793	6.060	41782.44599851
296263.910	2779590.542	6.070	41782.44601008
296265.093	2779588.305	6.070	41782.44602166
296266.311	2779586.100	6.080	41782.44603323
296267.570	2779583.952	0.030	41782.44604480
296268.848	2779581.860	17.640	41782.44605638
296270.144	2779579.772	5.420	41782.44606795
296271.441	2779577.680	5.430	41782.44607953
296272.733	2779575.572	5.450	41782.44609110
296273.989	2779573.439	5.470	41782.44610267
296275.199	2779571.270	5.470	41782.44611425
296276.393	2779569.096	5.470	41782.44612582
296277.556	2779566.922	5.520	41782.44613740
296278.711	2779564.758	5.580	41782.44614897
296279.814	2779562.604	5.500	41782.44616054
296280.872	2779560.435	5.520	41782.44617212
296281.912	2779558.252	5.520	41782.44618369
296282.961	2779556.047	5.520	41782.44619527
296283.997	2779553.805	5.640	41782.44620684
296285.052	2779551.522	5.580	41782.44621841
296286.084	2779549.227	5.540	41782.44622999
296287.039	2779546.916	5.600	41782.44624156
296287.927	2779544.611	5.610	41782.44625314
296288.750	2779542.329	5.650	41782.44626471
296289.517	2779540.046	5.730	41782.44627628
296290.267	2779537.744	5.760	41782.44628786
296290.943	2779535.415	5.790	41782.44629943
296291.618	2779533.055	5.800	41782.44631101
296292.300	2779530.661	5.830	41782.44632258
296293.012	2779528.255	5.780	41782.44633416
296293.723	2779525.841	5.730	41782.44634573
296294.471	2779523.456	5.670	41782.44635730
296295.239	2779521.080	5.680	41782.44636888
296296.052	2779518.707	5.650	41782.44638045
296296.923	2779516.326	5.710	41782.44639203
296297.833	2779513.920	5.720	41782.44640360
296298.832	2779511.502	5.710	41782.44641517
296299.856	2779509.103	5.760	41782.44642675
296300.907	2779506.720	5.780	41782.44643832
296301.952	2779504.351	5.700	41782.44644990
296302.988	2779502.008	5.650	41782.44646147
296304.003	2779499.677	5.670	41782.44647304
296305.039	2779497.387	5.670	41782.44648462
296306.065	2779495.092	5.660	41782.44649619
296307.077	2779492.784	5.640	41782.44650777
296308.104	2779490.451	5.590	41782.44651934
296309.115	2779488.102	5.590	41782.44653091
296310.121	2779485.755	5.590	41782.44654249
296311.120	2779483.400	5.700	41782.44655406
296312.129	2779481.049	5.630	41782.44656564
296313.132	2779478.691	5.650	41782.44657721
296314.121	2779476.324	5.630	41782.44658878
296315.096	2779473.948	5.650	41782.44660036
296316.067	2779471.577	5.640	41782.44661193
296317.046	2779469.210	5.660	41782.44662351
296318.059	2779466.837	5.660	41782.44663508
296319.092	2779464.454	5.650	41782.44664666
296320.147	2779462.081	5.660	41782.44665823
296321.208	2779459.725	5.660	41782.44666980
296322.296	2779457.385	5.690	41782.44668138
296323.422	2779455.070	5.700	41782.44669295
296324.605	2779452.769	5.700	41782.44670453
296325.841	2779450.472	5.700	41782.44671610
296327.072	2779448.173	5.700	41782.44672767
296328.320	2779445.899	5.700	41782.44673925
296329.569	2779443.655	5.710	41782.44675082
296330.844	2779441.418	5.740	41782.44676240
296332.152	2779439.169	5.750	41782.44677397
296333.501	2779436.928	5.760	41782.44678554
296334.866	2779434.694	5.810	41782.44679712
296336.246	2779432.472	5.770	41782.44680869
296337.629	2779430.253	5.800	41782.44682027
296338.987	2779428.022	5.800	41782.44683184
296340.322	2779425.808	5.800	41782.44684341
296341.639	2779423.603	5.810	41782.44685499
296342.935	2779421.396	5.810	41782.44686656
296344.237	2779419.175	5.860	41782.44687814
296345.553	2779416.945	5.840	41782.44688971
296346.894	2779414.703	5.860	41782.44690128
296348.248	2779412.463	5.860	41782.44691286
296349.579	2779410.200	5.860	41782.44692443
296350.892	2779407.921	5.880	41782.44693601
296352.214	2779405.660	5.890	41782.44694758
296353.572	2779403.406	5.850	41782.44695916
296354.944	2779401.168	5.830	41782.44697073
296356.320	2779398.930	5.810	41782.44698230
296357.720	2779396.708	5.840	41782.44699388
296359.093	2779394.474	5.840	41782.44700545
296360.457	2779392.239	5.850	41782.44701703
296363.118	2779387.785	5.850	41782.44704017
296364.422	2779385.531	5.890	41782.44705175
296365.696	2779383.270	5.870	41782.44706332
296366.934	2779381.019	5.880	41782.44707490
296368.147	2779378.736	5.860	41782.44708647
296369.338	2779376.421	5.860	41782.44709804
296370.516	2779374.099	6.000	41782.44710962
296371.688	2779371.781	5.860	41782.44712119
296372.835	2779369.487	5.870	41782.44713277
296373.911	2779367.324	5.890	41782.44714434
296374.928	2779365.305	5.900	41782.44715591
296375.911	2779363.375	5.920	41782.44716749
296376.853	2779361.498	5.970	41782.44717906
296377.797	2779359.701	5.920	41782.44719064
296378.707	2779357.966	5.900	41782.44720221
296379.603	2779356.289	5.890	41782.44721378
296380.434	2779354.512	5.890	41782.44722536
296381.051	2779352.346	5.900	41782.44723693
296381.773	2779350.487	5.900	41782.44724851
296382.571	2779348.816	5.910	41782.44726008
296383.432	2779347.250	5.850	41782.44727166
296384.246	2779345.698	5.870	41782.44728323
296385.075	2779344.189	5.890	41782.44729480
296385.929	2779342.709	5.880	41782.44730638
296386.752	2779341.229	5.880	41782.44731795
296387.557	2779339.741	5.890	41782.44732953
296388.364	2779338.265	5.870	41782.44734110
296389.141	2779336.792	5.890	41782.44735267
296389.924	2779335.326	5.930	41782.44736425
296390.704	2779333.856	5.920	41782.44737582
296391.479	2779332.351	5.940	41782.44738740
296392.287	2779330.856	5.920	41782.44739897
296393.120	2779329.364	5.910	41782.44741054
296393.988	2779327.874	5.880	41782.44742212
296394.819	2779326.372	5.890	41782.44743369
296395.658	2779324.874	5.890	41782.44744527
296396.492	2779323.372	5.950	41782.44745684
296397.328	2779321.866	5.890	41782.44746841
296398.149	2779320.360	5.920	41782.44747999
296399.025	2779318.877	5.920	41782.44749156
296399.870	2779317.362	5.950	41782.44750314
296400.744	2779315.862	6.000	41782.44751471
296401.636	2779314.374	5.950	41782.44752628
296402.520	2779312.894	5.990	41782.44753786
296403.485	2779311.466	5.980	41782.44754943
296404.363	2779310.084	5.990	41782.44756101
296405.244	2779308.803	5.970	41782.44757258
296406.053	2779307.588	6.000	41782.44758416
296406.829	2779306.470	5.990	41782.44759573
296407.558	2779305.417	6.000	41782.44760730
296408.252	2779304.442	6.020	41782.44761888
296408.910	2779303.519	6.060	41782.44763045
296409.549	2779302.646	6.090	41782.44764203
296410.224	2779301.826	6.070	41782.44765360
296410.889	2779300.974	6.060	41782.44766517
296411.619	2779300.090	6.050	41782.44767675
296412.379	2779299.155	6.040	41782.44768832
296413.174	2779298.173	6.030	41782.44769990
296413.996	2779297.170	6.000	41782.44771147
296414.809	2779296.107	6.050	41782.44772304
296415.631	2779295.003	6.120	41782.44773462
296416.447	2779293.920	6.060	41782.44774619
296417.242	2779292.903	6.040	41782.44775777
296418.025	2779291.938	6.060	41782.44776934
296418.808	2779291.030	6.040	41782.44778091
296419.598	2779290.171	6.060	41782.44779249
296420.392	2779289.337	6.080	41782.44780406
296421.189	2779288.551	6.060	41782.44781564
296421.979	2779287.823	6.050	41782.44782721
296422.735	2779287.128	6.080	41782.44783878
296423.476	2779286.455	6.080	41782.44785036
296424.183	2779285.806	6.090	41782.44786193
296424.863	2779285.192	6.120	41782.44787351
296425.516	2779284.622	6.070	41782.44788508
296426.144	2779284.077	6.060	41782.44789666
296426.760	2779283.547	6.100	41782.44790823
296427.359	2779283.057	6.010	41782.44791980
296427.956	2779282.607	5.960	41782.44793138
296428.519	2779282.175	5.930	41782.44794295
296429.075	2779281.765	5.910	41782.44795453
296429.633	2779281.370	5.850	41782.44796610
296430.196	2779280.983	5.800	41782.44797767
296430.781	2779280.627	5.710	41782.44798925
296431.363	2779280.273	5.680	41782.44800082
296431.942	2779279.923	5.630	41782.44801240
296432.515	2779279.565	5.590	41782.44802397
296433.060	2779279.192	5.530	41782.44803554
296433.570	2779278.806	5.520	41782.44804712
296434.052	2779278.401	5.510	41782.44805869
296434.526	2779278.021	5.460	41782.44807027
296434.917	2779277.687	5.400	41782.44808184
296435.236	2779277.339	5.410	41782.44809341
296435.587	2779276.872	5.370	41782.44810499
296435.872	2779276.426	5.370	41782.44811656
296436.076	2779276.173	5.360	41782.44812814
296436.344	2779275.919	5.370	41782.44813971
296436.656	2779275.527	5.390	41782.44815128
296436.890	2779275.131	5.380	41782.44816286
296437.105	2779274.741	5.380	41782.44817443
296437.324	2779274.340	5.360	41782.44818601
296437.530	2779273.919	5.380	41782.44819758
296437.732	2779273.486	5.380	41782.44820916
296437.939	2779273.050	5.380	41782.44822073
296438.147	2779272.606	5.490	41782.44823230
296438.389	2779272.112	5.410	41782.44824388
296438.652	2779271.551	5.400	41782.44825545
296438.944	2779270.909	5.400	41782.44826703
296439.283	2779270.200	5.430	41782.44827860
296439.652	2779269.419	5.420	41782.44829017
296440.079	2779268.524	5.410	41782.44830175
296440.568	2779267.468	5.400	41782.44831332
296441.137	2779266.249	5.410	41782.44832490
296441.742	2779264.885	5.440	41782.44833647
296442.404	2779263.418	5.410	41782.44834804
296443.090	2779261.804	5.450	41782.44835962
296443.818	2779260.181	5.430	41782.44837119
296444.530	2779258.659	5.430	41782.44838277
296445.147	2779257.193	5.480	41782.44839434
296445.749	2779255.762	5.460	41782.44840591
296446.288	2779254.322	5.480	41782.44841749
296446.802	2779252.898	5.480	41782.44842906
296447.294	2779251.476	5.530	41782.44844064
296447.738	2779250.091	5.470	41782.44845221
296448.145	2779248.704	5.480	41782.44846378
296448.549	2779247.263	5.460	41782.44847536
296448.915	2779245.778	-0.020	41782.44848693
296449.177	2779244.279	5.460	41782.44849851
296449.433	2779242.859	5.470	41782.44851008
296449.647	2779241.501	5.510	41782.44852166
296449.842	2779240.185	5.490	41782.44853323
296450.018	2779238.955	5.530	41782.44854480
296450.218	2779237.795	5.590	41782.44855638
296450.412	2779236.687	5.610	41782.44856795
296450.593	2779235.609	5.650	41782.44857953
296450.772	2779234.570	5.670	41782.44859110
296450.978	2779233.586	5.720	41782.44860267
296451.175	2779232.671	5.730	41782.44861425
296451.376	2779231.779	5.750	41782.44862582
296451.534	2779230.940	5.770	41782.44863740
296451.700	2779230.130	5.780	41782.44864897
296451.828	2779229.345	5.790	41782.44866054
296451.947	2779228.646	5.830	41782.44867212
296452.034	2779228.028	0.010	41782.44868369
296452.064	2779227.587	5.760	41782.44869527
296452.116	2779227.274	5.810	41782.44870684
296452.098	2779227.083	5.880	41782.44871841
296452.077	2779226.982	5.890	41782.44872999
296452.079	2779226.901	5.840	41782.44874156
296452.059	2779226.860	5.850	41782.44875314
296451.997	2779226.868	5.870	41782.44876471
296452.102	2779226.874	5.820	41782.44877628
296452.025	2779226.882	5.870	41782.44878786
296452.052	2779226.903	5.840	41782.44879943
296452.057	2779226.941	5.840	41782.44881101
296452.090	2779226.984	5.810	41782.44882258
296452.108	2779227.030	5.800	41782.44883416
296452.054	2779227.101	5.870	41782.44884573
296452.052	2779227.184	5.830	41782.44885730
296452.041	2779227.262	5.860	41782.44886888
296452.033	2779227.351	5.860	41782.44888045
296452.048	2779227.446	5.840	41782.44889203
296452.012	2779227.518	5.900	41782.44890360
296452.007	2779227.612	5.870	41782.44891517
296452.084	2779227.718	5.860	41782.44892675
296452.141	2779227.830	5.830	41782.44893832
296452.147	2779227.915	5.870	41782.44894990
296452.194	2779228.011	5.800	41782.44896147
296452.216	2779228.124	5.830	41782.44897304
296452.254	2779228.221	5.790	41782.44898462
296452.274	2779228.325	5.770	41782.44899619
296452.277	2779228.431	5.850	41782.44900777
296452.276	2779228.525	5.800	41782.44901934
296452.230	2779228.637	5.750	41782.44903091
296452.163	2779228.732	5.830	41782.44904249
296452.096	2779228.824	5.820	41782.44905406
296451.992	2779228.915	5.850	41782.44906564
296451.906	2779228.990	5.870	41782.44907721
296451.800	2779229.072	5.860	41782.44908878
296451.725	2779229.147	5.880	41782.44910036
296451.646	2779229.215	5.890	41782.44911193
296451.570	2779229.280	5.870	41782.44912351
296451.514	2779229.321	5.990	41782.44913508
296451.463	2779229.349	5.900	41782.44914666
296451.438	2779229.391	5.950	41782.44915823
296451.418	2779229.418	5.950	41782.44916980
296451.416	2779229.441	5.910	41782.44918138
296451.409	2779229.462	5.900	41782.44919295
296451.385	2779229.492	5.870	41782.44920453
296451.370	2779229.495	5.900	41782.44921610
296451.335	2779229.517	5.970	41782.44922767
296451.302	2779229.537	5.910	41782.44923925
296451.277	2779229.551	5.890	41782.44925082
296451.252	2779229.558	5.910	41782.44926240
296451.253	2779229.574	5.950	41782.44927397
296451.267	2779229.589	5.900	41782.44928554
296451.219	2779229.572	5.890	41782.44929712
296451.357	2779229.594	5.850	41782.44930869
296451.278	2779229.562	5.880	41782.44932027
296451.373	2779229.576	5.840	41782.44933184
296451.309	2779229.551	5.900	41782.44934341
296451.406	2779229.557	5.840	41782.44935499
296451.430	2779229.543	5.870	41782.44936656
296451.436	2779229.542	5.870	41782.44937814
296451.438	2779229.524	5.910	41782.44938971
296451.405	2779229.512	5.920	41782.44940128
296451.478	2779229.521	5.970	41782.44941286
296451.434	2779229.513	5.920	41782.44942443
296451.429	2779229.503	5.930	41782.44943601
296451.499	2779229.510	5.900	41782.44944758
296451.442	2779229.498	5.920	41782.44945916
296451.454	2779229.493	5.940	41782.44947073
296451.480	2779229.507	5.930	41782.44948230
296451.431	2779229.513	5.930	41782.44949388
296451.429	2779229.537	5.930	41782.44950545
296451.407	2779229.548	5.890	41782.44951703
296451.278	2779229.518	5.990	41782.44952860
296451.394	2779229.561	5.890	41782.44954017
296451.305	2779229.546	6.000	41782.44955175
296451.364	2779229.553	5.880	41782.44956332
296451.385	2779229.560	5.950	41782.44957490
296451.303	2779229.537	5.920	41782.44958647
296451.353	2779229.535	5.950	41782.44959804
296451.258	2779229.534	5.970	41782.44960962
296451.319	2779229.558	5.900	41782.44962119
296451.258	2779229.568	5.930	41782.44963277
296451.279	2779229.583	5.920	41782.44964434
296451.172	2779229.570	6.000	41782.44965591
296451.225	2779229.627	5.910	41782.44966749
296451.235	2779229.626	5.940	41782.44967906
296451.211	2779229.589	5.940	41782.44969064
296451.277	2779229.584	5.900	41782.44970221
296451.274	2779229.573	5.930	41782.44971378
296451.286	2779229.578	5.890	41782.44972536
296451.284	2779229.577	5.920	41782.44973693
296451.284	2779229.576	5.910	41782.44974851
296451.286	2779229.580	5.930	41782.44976008
296451.284	2779229.584	5.940	41782.44977166
296451.282	2779229.587	5.990	41782.44978323
296451.279	2779229.589	5.960	41782.44979480
296451.276	2779229.590	5.950	41782.44980638
296451.275	2779229.591	5.900	41782.44981795
296451.275	2779229.592	5.920	41782.44982953
296451.276	2779229.592	5.940	41782.44984110
296451.279	2779229.592	5.970	41782.44985267
296451.284	2779229.593	5.960	41782.44986425
296451.289	2779229.593	5.960	41782.44987582
296451.295	2779229.595	5.950	41782.44988740
296451.300	2779229.595	5.960	41782.44989897
296451.306	2779229.594	5.950	41782.44991054
296451.310	2779229.593	5.970	41782.44992212
296451.315	2779229.590	5.930	41782.44993369
296451.318	2779229.587	5.940	41782.44994527
296451.322	2779229.584	5.970	41782.44995684
296451.326	2779229.581	6.030	41782.44996841
296451.330	2779229.577	6.020	41782.44997999
296451.333	2779229.573	0.020	41782.44999156
296451.347	2779229.564	-0.010	41782.45002628
296451.351	2779229.562	-0.010	41782.45003786
296451.355	2779229.561	-0.010	41782.45004943
296451.368	2779229.556	-0.020	41782.45008416
296451.375	2779229.554	-0.020	41782.45009573
296451.380	2779229.552	-0.010	41782.45010730
296451.387	2779229.549	-0.030	41782.45011888
296451.394	2779229.545	-0.010	41782.45013045
296451.400	2779229.541	-0.020	41782.45014203
296451.408	2779229.536	-0.010	41782.45015360
296451.415	2779229.531	-0.030	41782.45016517
296451.423	2779229.526	-0.010	41782.45017675
296451.430	2779229.521	-0.010	41782.45018832
296451.438	2779229.516	-0.010	41782.45019990
296451.470	2779229.494	0.010	41782.45024619
296451.479	2779229.489	0.010	41782.45025777
296451.496	2779229.480	0.020	41782.45028091
296451.512	2779229.470	0.020	41782.45030406
296451.526	2779229.461	0.010	41782.45032721
296451.542	2779229.448	0.010	41782.45036193
296451.552	2779229.441	0.010	41782.45038508
296451.556	2779229.438	0.020	41782.45039666
296451.561	2779229.435	0.010	41782.45040823
296451.565	2779229.432	0.010	41782.45041980
296451.572	2779229.428	0.010	41782.45044295
296451.576	2779229.426	0.010	41782.45045453
296451.579	2779229.424	0.010	41782.45046610
296451.583	2779229.422	0.010	41782.45047767
296451.586	2779229.420	0.010	41782.45048925
296451.589	2779229.418	0.010	41782.45050082
296451.597	2779229.412	0.010	41782.45053554
296451.602	2779229.409	0.010	41782.45055869
296451.605	2779229.408	0.010	41782.45057154
296451.610	2779229.407	0.010	41782.45059341
