X	Y	Z	T
296450.134	2779231.350	6.640	41782.40603377
296450.133	2779231.353	0.010	41782.40614951
296450.131	2779231.361	6.710	41782.40635785
296450.126	2779231.372	6.640	41782.40675137
296450.125	2779231.374	6.570	41782.40676294
296449.983	2779232.169	6.550	41782.40677451
296450.320	2779237.271	6.290	41782.40691340
296450.248	2779238.149	6.250	41782.40692498
296449.976	2779253.257	6.010	41782.40708701
296340.009	2779210.461	6.980	41782.40858007
296339.889	2779210.523	6.640	41782.40859164
296339.529	2779210.702	6.980	41782.40862637
296339.407	2779210.795	6.970	41782.40863794
296339.299	2779210.905	7.000	41782.40864951
296339.187	2779211.027	6.990	41782.40866109
296339.118	2779211.178	-0.020	41782.40867266
296339.037	2779211.369	6.920	41782.40868424
296338.986	2779211.584	6.890	41782.40869581
296338.891	2779211.785	6.620	41782.40870738
296338.824	2779212.009	6.990	41782.40871896
296338.745	2779212.253	7.040	41782.40873053
296338.637	2779212.504	7.000	41782.40874211
296338.571	2779212.781	6.980	41782.40875368
296338.486	2779213.056	6.950	41782.40876525
296338.394	2779213.339	6.920	41782.40877683
296338.245	2779213.631	6.980	41782.40878840
296338.184	2779213.966	6.940	41782.40879998
296338.088	2779214.302	6.950	41782.40881155
296337.967	2779214.638	6.940	41782.40882312
296337.861	2779214.973	6.980	41782.40883470
296337.734	2779215.319	7.010	41782.40884627
296337.620	2779215.680	6.970	41782.40885785
296337.497	2779216.039	7.010	41782.40886942
296337.362	2779216.419	6.940	41782.40888100
296337.222	2779216.791	6.990	41782.40889257
296337.046	2779217.177	6.970	41782.40890414
296336.916	2779217.578	6.970	41782.40891572
296336.746	2779217.962	7.030	41782.40892729
296336.620	2779218.369	6.980	41782.40893887
296336.423	2779218.773	6.370	41782.40895044
296336.278	2779219.161	6.990	41782.40896201
296336.121	2779219.583	7.060	41782.40897359
296335.793	2779220.446	6.990	41782.40899674
296335.616	2779220.879	6.970	41782.40900831
296335.444	2779221.323	6.950	41782.40901988
296335.274	2779221.779	7.010	41782.40903146
296335.108	2779222.244	7.000	41782.40904303
296334.942	2779222.720	6.950	41782.40905461
296334.766	2779223.187	6.970	41782.40906618
296334.585	2779223.663	6.990	41782.40907775
296334.411	2779224.121	-0.020	41782.40908933
296334.232	2779224.607	6.920	41782.40910090
296334.048	2779225.095	7.000	41782.40911248
296333.852	2779225.582	-0.010	41782.40912405
296333.672	2779226.079	6.930	41782.40913562
296333.486	2779226.583	7.060	41782.40914720
296333.299	2779227.086	7.010	41782.40915877
296333.108	2779227.601	6.950	41782.40917035
296332.918	2779228.111	-0.010	41782.40918192
296332.113	2779230.203	1.810	41782.40922822
296331.696	2779231.276	0.010	41782.40925137
296331.490	2779231.821	0.010	41782.40926294
296331.272	2779232.366	0.010	41782.40927451
296331.044	2779232.921	0.010	41782.40928609
296330.828	2779233.470	0.010	41782.40929766
296330.591	2779234.019	0.020	41782.40930924
296330.384	2779234.569	0.010	41782.40932081
296329.655	2779236.283	0.010	41782.40935553
296329.010	2779238.036	-0.010	41782.40939025
296328.758	2779238.625	0.010	41782.40940183
296328.564	2779239.196	2.050	41782.40941340
296328.305	2779239.776	-0.020	41782.40942498
296328.024	2779240.341	-0.020	41782.40943655
296327.796	2779240.915	-0.010	41782.40944812
296327.264	2779242.080	-0.010	41782.40947127
296326.977	2779242.682	0.010	41782.40948285
296326.711	2779243.266	0.010	41782.40949442
296326.140	2779244.465	0.020	41782.40951757
296325.864	2779245.072	0.020	41782.40952914
296325.566	2779245.699	0.010	41782.40954072
296325.302	2779246.306	0.010	41782.40955229
296325.004	2779246.896	0.020	41782.40956387
296324.689	2779247.512	0.010	41782.40957544
296324.405	2779248.124	0.010	41782.40958701
296324.106	2779248.760	0.020	41782.40959859
296323.257	2779250.646	0.010	41782.40963331
296322.979	2779251.275	0.020	41782.40964488
296322.687	2779251.916	0.010	41782.40965646
296322.083	2779253.190	1.720	41782.40967961
296321.789	2779253.831	0.020	41782.40969118
296321.510	2779254.463	0.010	41782.40970275
296320.640	2779256.419	0.010	41782.40973748
296320.062	2779257.727	2.240	41782.40976062
296319.486	2779259.055	2.250	41782.40978377
296319.188	2779259.732	2.260	41782.40979535
296318.893	2779260.412	0.010	41782.40980692
296318.612	2779261.084	2.260	41782.40981850
296318.009	2779262.459	0.010	41782.40984164
296317.398	2779263.862	2.270	41782.40986479
296316.797	2779265.253	2.290	41782.40988794
296316.498	2779265.959	-0.010	41782.40989951
296316.218	2779266.668	2.270	41782.40991109
296315.631	2779268.096	2.260	41782.40993424
296315.332	2779268.816	2.340	41782.40994581
296315.032	2779269.528	2.330	41782.40995738
296314.445	2779270.930	2.150	41782.40998053
296313.855	2779272.375	-0.010	41782.41000368
296313.001	2779274.530	-0.010	41782.41003840
296312.442	2779276.009	0.020	41782.41006155
296311.889	2779277.471	-0.010	41782.41008470
296311.618	2779278.192	0.010	41782.41009627
296311.350	2779278.909	0.010	41782.41010785
296311.073	2779279.636	-0.010	41782.41011942
296310.516	2779281.095	0.020	41782.41014257
296309.989	2779282.553	-0.010	41782.41016572
296309.705	2779283.296	0.020	41782.41017729
296309.455	2779284.017	2.040	41782.41018887
296309.182	2779284.746	2.080	41782.41020044
296308.913	2779285.477	2.100	41782.41021201
296308.628	2779286.220	1.530	41782.41022359
296308.356	2779286.954	2.080	41782.41023516
296308.074	2779287.685	2.060	41782.41024674
296307.776	2779288.417	1.530	41782.41025831
296307.492	2779289.151	2.050	41782.41026988
296307.226	2779289.902	2.040	41782.41028146
296306.959	2779290.660	2.050	41782.41029303
296306.690	2779291.423	2.020	41782.41030461
296306.399	2779292.150	2.030	41782.41031618
296306.102	2779292.882	2.030	41782.41032775
296305.805	2779293.613	2.020	41782.41033933
296305.547	2779294.353	2.040	41782.41035090
296305.254	2779295.103	2.030	41782.41036248
296304.983	2779295.832	2.020	41782.41037405
296304.661	2779296.589	2.020	41782.41038563
296304.346	2779297.329	2.040	41782.41039720
296304.055	2779298.085	1.540	41782.41040877
296303.757	2779298.838	-0.010	41782.41042035
296303.472	2779299.580	1.550	41782.41043192
296303.167	2779300.343	2.030	41782.41044350
296302.839	2779301.085	2.040	41782.41045507
296302.525	2779301.840	2.040	41782.41046664
296302.215	2779302.601	2.040	41782.41047822
296301.901	2779303.362	1.500	41782.41048979
296301.577	2779304.127	2.060	41782.41050137
296301.252	2779304.879	0.010	41782.41051294
296300.925	2779305.629	2.080	41782.41052451
296300.591	2779306.372	1.530	41782.41053609
296300.273	2779307.136	1.520	41782.41054766
296299.971	2779307.892	2.060	41782.41055924
296299.640	2779308.646	2.070	41782.41057081
296299.308	2779309.375	2.040	41782.41058238
296298.936	2779310.132	2.070	41782.41059396
296298.613	2779310.885	2.060	41782.41060553
296298.264	2779311.673	2.070	41782.41061711
296297.936	2779312.428	1.530	41782.41062868
296297.601	2779313.183	1.510	41782.41064025
296297.248	2779313.947	2.030	41782.41065183
296296.886	2779314.718	1.500	41782.41066340
296296.532	2779315.484	2.040	41782.41067498
296296.187	2779316.256	0.010	41782.41068655
296295.495	2779317.790	2.020	41782.41070970
296295.099	2779318.552	2.050	41782.41072127
296294.738	2779319.320	2.040	41782.41073285
296294.369	2779320.105	2.010	41782.41074442
296294.008	2779320.888	2.000	41782.41075600
296293.641	2779321.679	2.000	41782.41076757
296293.285	2779322.475	1.980	41782.41077914
296292.918	2779323.269	1.980	41782.41079072
296292.545	2779324.071	2.000	41782.41080229
296292.175	2779324.849	1.990	41782.41081387
296291.806	2779325.632	1.990	41782.41082544
296291.441	2779326.421	2.070	41782.41083701
296291.077	2779327.214	2.260	41782.41084859
296290.734	2779328.000	1.500	41782.41086016
296289.591	2779330.379	-0.010	41782.41089488
296288.850	2779332.024	2.850	41782.41091803
296288.468	2779332.849	3.010	41782.41092961
296288.103	2779333.662	3.070	41782.41094118
296287.715	2779334.482	3.090	41782.41095275
296287.335	2779335.281	3.090	41782.41096433
296286.953	2779336.081	3.080	41782.41097590
296286.556	2779336.896	3.080	41782.41098748
296286.180	2779337.702	3.080	41782.41099905
296285.791	2779338.549	3.090	41782.41101063
296285.410	2779339.381	3.090	41782.41102220
296285.023	2779340.209	3.080	41782.41103377
296284.633	2779341.034	3.080	41782.41104535
296284.262	2779341.848	2.710	41782.41105692
296283.879	2779342.682	3.080	41782.41106850
296283.491	2779343.508	3.090	41782.41108007
296283.100	2779344.329	3.090	41782.41109164
296282.711	2779345.166	3.080	41782.41110322
296282.341	2779346.001	2.520	41782.41111479
296281.964	2779346.838	2.680	41782.41112637
296281.588	2779347.658	3.100	41782.41113794
296281.213	2779348.490	3.080	41782.41114951
296280.847	2779349.324	-0.010	41782.41116109
296280.486	2779350.155	3.130	41782.41117266
296280.115	2779350.998	3.080	41782.41118424
296279.745	2779351.823	3.040	41782.41119581
296279.369	2779352.656	3.130	41782.41120738
296279.014	2779353.467	3.050	41782.41121896
296278.654	2779354.285	3.050	41782.41123053
296278.287	2779355.111	3.040	41782.41124211
296277.923	2779355.941	3.050	41782.41125368
296277.553	2779356.778	3.040	41782.41126525
296277.181	2779357.590	3.050	41782.41127683
296276.812	2779358.411	3.040	41782.41128840
296276.438	2779359.242	3.040	41782.41129998
296276.084	2779360.062	3.040	41782.41131155
296275.712	2779360.908	3.070	41782.41132313
296275.360	2779361.727	3.050	41782.41133470
296274.982	2779362.572	3.030	41782.41134627
296274.590	2779363.413	3.040	41782.41135785
296274.233	2779364.235	3.040	41782.41136942
296273.851	2779365.104	3.060	41782.41138100
296273.494	2779365.940	3.040	41782.41139257
296273.113	2779366.792	3.050	41782.41140414
296272.736	2779367.624	3.050	41782.41141572
296272.370	2779368.450	3.050	41782.41142729
296271.985	2779369.294	3.050	41782.41143887
296271.624	2779370.128	3.050	41782.41145044
296271.251	2779370.973	3.060	41782.41146201
296270.877	2779371.829	3.040	41782.41147359
296270.519	2779372.650	2.950	41782.41148516
296270.129	2779373.505	3.040	41782.41149674
296269.760	2779374.333	3.020	41782.41150831
296269.379	2779375.191	3.020	41782.41151988
296269.008	2779376.035	3.040	41782.41153146
296268.640	2779376.878	3.020	41782.41154303
296268.274	2779377.720	3.010	41782.41155461
296267.920	2779378.553	3.030	41782.41156618
296267.529	2779379.416	3.030	41782.41157775
296267.174	2779380.251	3.010	41782.41158933
296266.810	2779381.098	3.030	41782.41160090
296266.432	2779381.947	3.040	41782.41161248
296266.055	2779382.801	3.020	41782.41162405
296265.685	2779383.644	3.040	41782.41163563
296265.306	2779384.490	3.050	41782.41164720
296264.921	2779385.337	3.050	41782.41165877
296264.554	2779386.164	3.050	41782.41167035
296264.192	2779387.017	3.050	41782.41168192
296263.823	2779387.868	3.040	41782.41169350
296263.460	2779388.708	3.050	41782.41170507
296263.074	2779389.537	3.070	41782.41171664
296262.710	2779390.361	3.070	41782.41172822
296262.321	2779391.217	3.060	41782.41173979
296261.954	2779392.052	3.050	41782.41175137
296261.573	2779392.911	3.030	41782.41176294
296261.206	2779393.759	3.040	41782.41177451
296260.843	2779394.600	3.040	41782.41178609
296260.471	2779395.449	3.060	41782.41179766
296260.099	2779396.289	3.050	41782.41180924
296259.699	2779397.135	3.050	41782.41182081
296259.327	2779397.975	3.040	41782.41183238
296258.944	2779398.831	3.060	41782.41184396
296258.578	2779399.675	3.050	41782.41185553
296258.205	2779400.527	4.050	41782.41186711
296257.829	2779401.371	4.060	41782.41187868
296257.444	2779402.216	4.070	41782.41189025
296257.054	2779403.076	4.070	41782.41190183
296256.686	2779403.927	4.060	41782.41191340
296256.313	2779404.785	4.070	41782.41192498
296255.943	2779405.620	4.070	41782.41193655
296255.550	2779406.454	3.530	41782.41194813
296255.142	2779407.294	4.050	41782.41195970
296254.758	2779408.141	4.080	41782.41197127
296254.363	2779409.006	4.080	41782.41198285
296253.984	2779409.840	4.050	41782.41199442
296253.605	2779410.691	4.100	41782.41200600
296253.229	2779411.595	4.330	41782.41201757
296252.871	2779412.464	3.610	41782.41202914
296252.500	2779413.321	4.190	41782.41204072
296252.114	2779414.174	0.010	41782.41205229
296251.361	2779415.868	-0.010	41782.41207544
296250.621	2779417.568	0.010	41782.41209859
296250.261	2779418.427	0.010	41782.41211016
296248.011	2779423.481	0.010	41782.41217961
296247.321	2779425.173	0.010	41782.41220275
296246.978	2779425.983	0.020	41782.41221433
296246.264	2779427.648	-0.010	41782.41223748
296245.903	2779428.472	0.020	41782.41224905
296245.540	2779429.296	0.010	41782.41226063
296245.183	2779430.125	-0.010	41782.41227220
296244.477	2779431.769	0.020	41782.41229535
296244.131	2779432.586	-0.010	41782.41230692
296243.789	2779433.401	-0.010	41782.41231850
296243.430	2779434.210	0.010	41782.41233007
296243.082	2779435.009	0.010	41782.41234164
296242.715	2779435.833	-0.010	41782.41235322
296242.020	2779437.468	0.020	41782.41237637
296241.363	2779439.125	-0.020	41782.41239951
296241.009	2779439.952	0.020	41782.41241109
296240.651	2779440.782	0.010	41782.41242266
296240.296	2779441.615	-0.020	41782.41243424
296239.948	2779442.444	4.130	41782.41244581
296239.578	2779443.274	0.030	41782.41245738
296238.842	2779444.922	-0.020	41782.41248053
296238.487	2779445.732	0.020	41782.41249211
296238.102	2779446.564	0.020	41782.41250368
296237.753	2779447.352	-0.020	41782.41251525
296237.385	2779448.199	0.010	41782.41252683
296237.050	2779449.002	4.420	41782.41253840
296236.340	2779450.645	-0.010	41782.41256155
296235.980	2779451.464	0.020	41782.41257313
296235.598	2779452.290	0.020	41782.41258470
296235.250	2779453.095	-0.010	41782.41259627
296234.879	2779453.925	0.010	41782.41260785
296234.494	2779454.761	0.010	41782.41261942
296232.963	2779458.042	0.010	41782.41266572
296231.846	2779460.540	0.010	41782.41270044
296231.506	2779461.351	-0.010	41782.41271201
296231.136	2779462.200	-0.010	41782.41272359
296230.387	2779463.874	-0.010	41782.41274674
296230.033	2779464.668	-0.020	41782.41275831
296229.283	2779466.339	-0.010	41782.41278146
296228.884	2779467.133	-0.030	41782.41279303
296228.512	2779467.937	-0.010	41782.41280461
296227.757	2779469.605	-0.020	41782.41282775
296227.037	2779471.250	0.010	41782.41285090
296225.880	2779473.748	0.020	41782.41288563
296225.500	2779474.554	0.010	41782.41289720
296224.755	2779476.185	0.020	41782.41292035
296224.364	2779477.010	0.030	41782.41293192
296223.979	2779477.821	0.010	41782.41294350
296223.610	2779478.640	0.010	41782.41295507
296223.234	2779479.485	0.030	41782.41296664
296222.884	2779480.293	0.020	41782.41297822
296222.507	2779481.133	0.010	41782.41298979
296222.150	2779481.918	0.010	41782.41300137
296221.766	2779482.756	0.020	41782.41301294
296220.652	2779485.194	0.010	41782.41304766
296219.191	2779488.376	0.010	41782.41309396
296218.467	2779490.023	-0.010	41782.41311711
296218.081	2779490.841	-0.010	41782.41312868
296217.712	2779491.632	0.010	41782.41314025
296217.307	2779492.475	-0.010	41782.41315183
296216.927	2779493.282	-0.020	41782.41316340
296216.538	2779494.093	0.010	41782.41317498
296215.753	2779495.735	-0.030	41782.41319813
296215.348	2779496.572	-0.010	41782.41320970
296214.936	2779497.425	4.410	41782.41322127
296214.551	2779498.263	-0.020	41782.41323285
296214.181	2779499.102	-0.020	41782.41324442
296213.780	2779499.950	4.470	41782.41325600
296213.373	2779500.799	-0.010	41782.41326757
296212.977	2779501.627	-0.010	41782.41327914
296212.567	2779502.473	0.010	41782.41329072
296211.755	2779504.122	-0.010	41782.41331387
296211.354	2779504.955	-0.010	41782.41332544
296210.143	2779507.457	-0.010	41782.41336016
296209.342	2779509.135	0.010	41782.41338331
296208.548	2779510.799	4.150	41782.41340646
296208.139	2779511.641	0.020	41782.41341803
296207.734	2779512.494	3.680	41782.41342961
296207.338	2779513.318	-0.020	41782.41344118
296206.939	2779514.150	0.010	41782.41345275
296206.517	2779515.015	0.010	41782.41346433
296206.123	2779515.841	3.850	41782.41347590
296205.318	2779517.538	0.010	41782.41349905
296203.280	2779521.804	-0.010	41782.41355692
296202.871	2779522.655	-0.010	41782.41356850
296202.479	2779523.504	0.010	41782.41358007
296201.672	2779525.231	-0.010	41782.41360322
296200.433	2779527.871	-0.010	41782.41363794
296200.027	2779528.753	5.770	41782.41364951
296199.628	2779529.614	5.830	41782.41366109
296199.231	2779530.503	5.850	41782.41367266
296198.825	2779531.361	5.880	41782.41368424
296198.414	2779532.248	5.970	41782.41369581
296198.009	2779533.136	5.980	41782.41370738
296197.615	2779534.007	6.010	41782.41371896
296197.207	2779534.924	6.020	41782.41373053
296196.790	2779535.779	6.000	41782.41374211
296196.373	2779536.686	6.060	41782.41375368
296195.960	2779537.583	6.000	41782.41376525
296195.554	2779538.501	6.000	41782.41377683
296195.148	2779539.423	6.020	41782.41378840
296194.745	2779540.314	6.050	41782.41379998
296194.334	2779541.252	6.060	41782.41381155
296193.953	2779542.143	6.120	41782.41382313
296193.540	2779543.064	6.200	41782.41383470
296193.142	2779544.003	6.140	41782.41384627
296192.745	2779544.912	6.110	41782.41385785
296192.340	2779545.858	6.200	41782.41386942
296191.934	2779546.805	6.140	41782.41388100
296191.530	2779547.737	6.080	41782.41389257
296191.131	2779548.659	6.160	41782.41390414
296190.716	2779549.627	6.180	41782.41391572
296190.304	2779550.593	6.210	41782.41392729
296189.897	2779551.514	6.360	41782.41393887
296189.485	2779552.505	6.410	41782.41395044
296189.078	2779553.387	6.340	41782.41396201
296188.664	2779554.370	6.410	41782.41397359
296188.256	2779555.357	6.480	41782.41398516
296187.846	2779556.336	6.390	41782.41399674
296187.442	2779557.297	6.400	41782.41400831
296187.023	2779558.254	6.300	41782.41401988
296186.605	2779559.207	6.190	41782.41403146
296186.178	2779560.168	6.120	41782.41404303
296185.765	2779561.107	6.000	41782.41405461
296185.340	2779562.082	6.000	41782.41406618
296184.931	2779563.049	6.010	41782.41407775
296184.526	2779564.010	6.040	41782.41408933
296184.110	2779564.950	6.230	41782.41410090
296183.687	2779565.940	6.240	41782.41411248
296183.269	2779566.896	6.270	41782.41412405
296182.854	2779567.877	6.360	41782.41413562
296182.438	2779568.842	6.360	41782.41414720
296182.023	2779569.850	6.370	41782.41415877
296181.597	2779570.789	6.460	41782.41417035
296181.160	2779571.795	6.560	41782.41418192
296180.743	2779572.756	6.400	41782.41419350
296180.324	2779573.747	6.430	41782.41420507
296179.897	2779574.729	6.440	41782.41421664
296179.485	2779575.682	6.440	41782.41422822
296179.063	2779576.671	6.470	41782.41423979
296178.644	2779577.659	6.450	41782.41425137
296178.242	2779578.638	6.490	41782.41426294
296177.828	2779579.647	6.480	41782.41427451
296177.419	2779580.624	6.450	41782.41428609
296176.986	2779581.626	6.480	41782.41429766
296176.556	2779582.605	6.500	41782.41430924
296176.137	2779583.599	6.470	41782.41432081
296175.718	2779584.598	6.470	41782.41433238
296175.290	2779585.605	6.490	41782.41434396
296174.857	2779586.580	6.530	41782.41435553
296174.423	2779587.575	6.460	41782.41436711
296173.999	2779588.549	6.480	41782.41437868
296173.587	2779589.562	6.510	41782.41439025
296173.187	2779590.551	6.470	41782.41440183
296172.778	2779591.556	6.500	41782.41441340
296172.362	2779592.559	6.530	41782.41442498
296171.932	2779593.548	6.480	41782.41443655
296171.496	2779594.538	6.570	41782.41444812
296171.067	2779595.535	6.520	41782.41445970
296170.640	2779596.535	6.220	41782.41447127
296170.225	2779597.519	6.510	41782.41448285
296169.814	2779598.500	6.550	41782.41449442
296169.399	2779599.484	6.480	41782.41450600
296168.975	2779600.479	6.460	41782.41451757
296168.565	2779601.462	6.480	41782.41452914
296168.145	2779602.440	6.550	41782.41454072
296167.727	2779603.423	6.480	41782.41455229
296167.295	2779604.393	6.430	41782.41456387
296166.873	2779605.363	6.450	41782.41457544
296166.454	2779606.337	6.460	41782.41458701
296166.058	2779607.301	6.410	41782.41459859
296165.665	2779608.274	6.460	41782.41461016
296165.271	2779609.245	6.470	41782.41462174
296164.870	2779610.225	6.470	41782.41463331
296164.451	2779611.189	6.440	41782.41464488
296164.030	2779612.147	6.450	41782.41465646
296163.615	2779613.116	6.440	41782.41466803
296163.198	2779614.058	6.180	41782.41467961
296162.791	2779615.027	6.450	41782.41469118
296162.383	2779615.981	6.480	41782.41470275
296161.967	2779616.964	6.530	41782.41471433
296161.566	2779617.912	6.470	41782.41472590
296161.168	2779618.834	6.480	41782.41473748
296160.752	2779619.813	6.460	41782.41474905
296160.355	2779620.727	6.440	41782.41476062
296159.948	2779621.675	6.480	41782.41477220
296159.542	2779622.634	6.440	41782.41478377
296159.144	2779623.533	6.510	41782.41479535
296158.749	2779624.476	6.540	41782.41480692
296158.346	2779625.390	6.490	41782.41481850
296157.946	2779626.332	6.460	41782.41483007
296157.547	2779627.246	6.460	41782.41484164
296157.144	2779628.180	6.510	41782.41485322
296156.732	2779629.124	6.500	41782.41486479
296155.905	2779631.002	6.510	41782.41488794
296155.510	2779631.926	6.430	41782.41489951
296155.110	2779632.860	6.480	41782.41491109
296154.709	2779633.787	6.450	41782.41492266
296154.308	2779634.707	6.470	41782.41493424
296153.896	2779635.656	6.470	41782.41494581
296153.494	2779636.582	6.430	41782.41495738
296153.103	2779637.519	6.490	41782.41496896
296152.682	2779638.494	6.520	41782.41498053
296152.307	2779639.396	6.400	41782.41499211
296151.903	2779640.331	6.470	41782.41500368
296151.490	2779641.250	6.460	41782.41501525
296151.009	2779642.164	6.410	41782.41502683
296150.529	2779643.016	6.460	41782.41503840
296149.984	2779643.903	6.460	41782.41504998
296149.409	2779644.723	6.420	41782.41506155
296148.824	2779645.505	6.380	41782.41507312
296148.176	2779646.289	6.500	41782.41508470
296147.526	2779647.022	6.510	41782.41509627
296146.841	2779647.726	6.500	41782.41510785
296146.129	2779648.401	6.510	41782.41511942
296145.419	2779649.034	6.480	41782.41513100
296144.701	2779649.633	6.500	41782.41514257
296144.008	2779650.186	6.460	41782.41515414
296143.272	2779650.716	6.420	41782.41516572
296142.589	2779651.194	6.480	41782.41517729
296141.883	2779651.645	6.420	41782.41518887
296141.223	2779652.053	6.390	41782.41520044
296140.592	2779652.434	6.360	41782.41521201
296139.981	2779652.798	6.290	41782.41522359
296139.366	2779653.133	6.380	41782.41523516
296138.766	2779653.438	6.430	41782.41524674
296138.245	2779653.723	6.380	41782.41525831
296137.748	2779653.992	6.430	41782.41526988
296137.286	2779654.244	6.430	41782.41528146
296136.910	2779654.501	6.420	41782.41529303
296136.578	2779654.753	6.400	41782.41530461
296136.254	2779654.985	6.400	41782.41531618
296136.030	2779655.251	6.400	41782.41532775
296135.838	2779655.497	6.420	41782.41533933
296135.655	2779655.716	6.440	41782.41535090
296135.510	2779655.935	6.440	41782.41536248
296135.401	2779656.137	6.470	41782.41537405
296135.334	2779656.327	6.460	41782.41538562
296135.283	2779656.525	6.450	41782.41539720
296135.745	2779657.060	6.420	41782.41546664
296136.020	2779656.910	6.430	41782.41547822
296136.337	2779656.660	6.400	41782.41548979
296136.722	2779656.324	6.370	41782.41550137
296137.165	2779655.923	6.390	41782.41551294
296137.653	2779655.433	6.400	41782.41552451
296138.187	2779654.862	6.390	41782.41553609
296138.750	2779654.233	6.360	41782.41554766
296139.303	2779653.562	6.360	41782.41555924
296139.880	2779652.854	6.380	41782.41557081
296140.480	2779652.067	6.400	41782.41558238
296141.103	2779651.228	6.400	41782.41559396
296141.737	2779650.352	6.380	41782.41560553
296142.375	2779649.468	6.370	41782.41561711
296143.003	2779648.560	6.350	41782.41562868
296143.644	2779647.600	6.410	41782.41564025
296144.302	2779646.596	6.430	41782.41565183
296144.980	2779645.574	6.410	41782.41566340
296145.644	2779644.554	6.370	41782.41567498
296146.309	2779643.548	6.360	41782.41568655
296146.950	2779642.525	6.400	41782.41569812
296147.598	2779641.456	6.430	41782.41570970
296148.211	2779640.344	6.450	41782.41572127
296148.762	2779639.194	6.400	41782.41573285
296149.248	2779638.049	6.390	41782.41574442
296150.034	2779635.718	6.400	41782.41576757
296150.387	2779634.506	6.440	41782.41577914
296150.717	2779633.251	6.420	41782.41579072
296151.034	2779631.948	6.450	41782.41580229
296151.366	2779630.603	6.410	41782.41581387
296151.678	2779629.219	6.400	41782.41582544
296151.997	2779627.793	6.410	41782.41583701
296152.341	2779626.305	6.420	41782.41584859
296152.699	2779624.772	6.450	41782.41586016
296153.066	2779623.222	6.410	41782.41587174
296153.459	2779621.672	6.450	41782.41588331
296153.882	2779620.109	6.400	41782.41589488
296154.334	2779618.559	6.430	41782.41590646
296154.813	2779616.993	6.400	41782.41591803
296155.306	2779615.422	6.440	41782.41592961
296155.835	2779613.865	6.400	41782.41594118
296156.406	2779612.304	6.400	41782.41595275
296156.983	2779610.733	6.390	41782.41596433
296157.616	2779609.196	6.410	41782.41597590
296158.358	2779607.723	6.410	41782.41598748
296159.187	2779606.305	6.400	41782.41599905
296160.104	2779604.935	6.420	41782.41601062
296161.064	2779603.583	6.490	41782.41602220
296162.062	2779602.234	6.450	41782.41603377
296163.038	2779600.869	6.520	41782.41604535
296163.988	2779599.504	6.400	41782.41605692
296164.933	2779598.135	6.380	41782.41606850
296165.847	2779596.737	6.490	41782.41608007
296166.717	2779595.315	6.420	41782.41609164
296167.545	2779593.867	6.410	41782.41610322
296168.374	2779592.404	6.440	41782.41611479
296169.093	2779590.879	6.480	41782.41612637
296169.839	2779589.348	6.440	41782.41613794
296170.571	2779587.814	6.440	41782.41614951
296171.297	2779586.262	6.450	41782.41616109
296172.054	2779584.717	6.460	41782.41617249
296172.810	2779583.168	6.600	41782.41618424
296173.589	2779581.611	6.410	41782.41619564
296174.400	2779580.076	6.430	41782.41620738
296175.231	2779578.570	6.450	41782.41621896
296176.091	2779577.074	6.440	41782.41623036
296176.958	2779575.595	6.530	41782.41624211
296177.872	2779574.130	6.410	41782.41625368
296178.822	2779572.676	6.360	41782.41626508
296179.778	2779571.198	6.390	41782.41627666
296180.798	2779569.765	6.390	41782.41628823
296181.911	2779568.419	6.410	41782.41629980
296183.128	2779567.177	6.330	41782.41631138
296184.448	2779566.051	6.320	41782.41632295
296185.911	2779565.070	6.240	41782.41633453
296189.077	2779563.401	5.940	41782.41635767
296190.691	2779562.568	6.060	41782.41636925
296192.323	2779561.745	6.110	41782.41638082
296193.921	2779560.866	6.120	41782.41639240
296195.464	2779559.921	6.170	41782.41640397
296197.015	2779558.964	6.160	41782.41641554
296198.553	2779557.968	6.160	41782.41642712
296200.117	2779556.959	6.060	41782.41643869
296201.689	2779555.937	5.940	41782.41645027
296203.274	2779554.920	5.850	41782.41646184
296204.878	2779553.936	5.800	41782.41647341
296206.478	2779552.962	5.800	41782.41648499
296208.092	2779552.005	5.780	41782.41649656
296209.672	2779551.067	5.810	41782.41650814
296211.234	2779550.196	5.810	41782.41651971
296212.745	2779549.337	5.830	41782.41653128
296214.248	2779548.547	5.810	41782.41654286
296243.061	2779562.557	6.150	41782.41678591
296242.876	2779565.280	6.130	41782.41679749
296242.424	2779568.049	6.130	41782.41680906
296241.799	2779570.832	6.050	41782.41682064
296241.008	2779573.673	6.110	41782.41683221
296240.104	2779576.556	6.030	41782.41684378
296239.045	2779579.460	6.040	41782.41685536
296237.825	2779582.375	6.100	41782.41686693
296236.501	2779585.267	6.060	41782.41687851
296235.070	2779588.198	6.070	41782.41689008
296233.581	2779591.138	6.060	41782.41690166
296232.048	2779594.122	6.000	41782.41691323
296230.490	2779597.147	5.910	41782.41692480
296228.903	2779600.197	5.860	41782.41693638
296227.316	2779603.279	5.900	41782.41694795
296225.725	2779606.387	6.130	41782.41695953
296224.124	2779609.531	6.150	41782.41697110
296222.535	2779612.652	6.090	41782.41698267
296220.945	2779615.788	6.040	41782.41699425
296219.400	2779618.902	6.190	41782.41700582
296217.865	2779622.034	6.150	41782.41701740
296216.369	2779625.151	6.050	41782.41702897
296214.891	2779628.272	6.240	41782.41704054
296213.493	2779631.418	6.260	41782.41705212
296212.080	2779634.571	6.240	41782.41706369
296210.736	2779637.753	6.240	41782.41707527
296209.386	2779640.930	6.170	41782.41708684
296208.051	2779644.116	6.130	41782.41709841
296206.737	2779647.296	6.190	41782.41710999
296205.431	2779650.492	6.230	41782.41712156
296204.145	2779653.676	6.210	41782.41713314
296202.868	2779656.901	6.230	41782.41714471
296201.622	2779660.098	6.150	41782.41715628
296200.353	2779663.321	6.240	41782.41716786
296199.082	2779666.534	6.150	41782.41717943
296197.791	2779669.726	6.280	41782.41719101
296196.504	2779672.930	6.020	41782.41720258
296195.190	2779676.106	6.170	41782.41721416
296193.869	2779679.310	6.130	41782.41722573
296192.537	2779682.465	6.200	41782.41723730
296191.201	2779685.658	6.140	41782.41724888
296189.844	2779688.816	6.160	41782.41726045
296188.491	2779692.017	6.150	41782.41727203
296187.153	2779695.166	6.110	41782.41728360
296185.804	2779698.363	6.090	41782.41729517
296184.453	2779701.539	6.240	41782.41730675
296183.131	2779704.747	6.370	41782.41731832
296181.824	2779707.938	6.350	41782.41732990
296180.534	2779711.157	6.380	41782.41734147
296179.290	2779714.272	6.410	41782.41735304
296178.063	2779717.314	6.340	41782.41736462
296176.913	2779720.242	6.390	41782.41737619
296175.755	2779723.134	6.380	41782.41738777
296174.679	2779725.914	6.420	41782.41739934
296173.668	2779728.669	6.410	41782.41741091
296172.709	2779731.351	6.390	41782.41742249
296171.838	2779733.984	6.480	41782.41743406
296171.027	2779736.570	6.460	41782.41744564
296170.304	2779739.094	6.490	41782.41745721
296169.669	2779741.620	6.450	41782.41746878
296169.101	2779744.167	6.470	41782.41748036
296168.646	2779746.759	6.510	41782.41749193
296168.292	2779749.349	6.440	41782.41750351
296171.052	2779802.744	9.520	41782.41773499
296170.619	2779805.774	9.560	41782.41774656
296169.977	2779808.685	9.820	41782.41775814
296165.877	2779811.557	9.030	41782.41778128
296164.292	2779813.229	10.140	41782.41779286
296163.457	2779815.297	10.280	41782.41780443
296162.432	2779817.744	10.330	41782.41781601
296161.544	2779820.166	10.010	41782.41782758
296160.805	2779822.583	10.260	41782.41783916
296160.050	2779824.976	9.730	41782.41785073
296159.301	2779827.351	9.170	41782.41786230
296158.466	2779829.707	8.880	41782.41787388
296157.622	2779832.087	8.720	41782.41788545
296156.780	2779834.465	8.570	41782.41789703
296155.954	2779836.776	8.460	41782.41790860
296155.110	2779839.108	8.240	41782.41792017
296154.287	2779841.411	8.210	41782.41793175
296153.427	2779843.770	8.140	41782.41794332
296152.595	2779846.077	8.050	41782.41795490
296151.632	2779848.644	8.110	41782.41796647
296150.784	2779850.936	8.020	41782.41797804
296149.942	2779853.179	8.020	41782.41798962
296149.069	2779855.489	8.010	41782.41800119
296148.201	2779857.775	7.870	41782.41801277
296147.364	2779860.073	7.920	41782.41802434
296146.536	2779862.371	7.810	41782.41803591
296145.824	2779864.614	7.760	41782.41804749
296145.284	2779866.851	7.770	41782.41805906
296144.732	2779869.158	7.720	41782.41807064
296144.290	2779871.520	7.660	41782.41808221
296143.999	2779873.929	7.620	41782.41809378
296155.332	2779894.434	7.010	41782.41834841
296155.681	2779894.239	6.980	41782.41835999
296156.043	2779893.965	7.000	41782.41837156
296156.426	2779893.598	7.000	41782.41838314
296156.801	2779893.112	6.950	41782.41839471
296157.134	2779892.504	6.970	41782.41840628
296157.457	2779891.788	6.980	41782.41841786
296157.736	2779890.973	7.000	41782.41842943
296157.977	2779890.068	7.070	41782.41844101
296158.237	2779889.093	7.040	41782.41845258
296158.523	2779888.051	7.060	41782.41846416
296158.816	2779886.962	7.080	41782.41847573
296159.119	2779885.817	7.090	41782.41848730
296159.443	2779884.622	7.120	41782.41849888
296159.814	2779883.366	7.190	41782.41851045
296160.168	2779882.063	7.190	41782.41852203
296160.588	2779880.752	7.200	41782.41853360
296161.051	2779879.411	7.270	41782.41854517
296161.629	2779878.027	7.320	41782.41855675
296162.252	2779876.652	7.310	41782.41856832
296162.853	2779875.252	7.390	41782.41857990
296163.414	2779873.903	7.420	41782.41859147
296164.009	2779872.545	7.470	41782.41860304
296164.702	2779871.144	7.530	41782.41861462
296165.427	2779869.690	7.620	41782.41862619
296166.188	2779868.188	7.650	41782.41863777
296166.987	2779866.658	7.730	41782.41864934
296167.866	2779865.145	-0.040	41782.41866091
296168.779	2779863.639	7.880	41782.41867249
296169.718	2779862.138	8.020	41782.41868406
296170.696	2779860.630	8.100	41782.41869564
296171.643	2779859.080	8.280	41782.41870721
296172.558	2779857.509	8.280	41782.41871878
296173.449	2779855.908	8.420	41782.41873036
296174.207	2779854.437	8.490	41782.41874193
296175.004	2779852.960	8.680	41782.41875351
296175.848	2779851.587	8.170	41782.41876508
296176.921	2779850.187	8.990	41782.41877666
296178.092	2779848.757	8.960	41782.41878823
296179.156	2779847.385	9.100	41782.41879980
296180.094	2779846.025	9.200	41782.41881138
296181.186	2779844.413	9.320	41782.41882295
296182.048	2779842.945	9.400	41782.41883453
296183.002	2779841.491	9.490	41782.41884610
296184.055	2779840.046	9.650	41782.41885767
296185.160	2779838.574	9.670	41782.41886925
296186.297	2779837.095	9.700	41782.41888082
296187.408	2779835.603	9.620	41782.41889240
296188.500	2779834.187	9.770	41782.41890397
296189.590	2779832.756	9.580	41782.41891554
296190.776	2779831.314	9.520	41782.41892712
296191.987	2779829.885	9.550	41782.41893869
296193.222	2779828.418	9.660	41782.41895027
296194.449	2779826.798	9.360	41782.41896184
296195.704	2779825.071	9.250	41782.41897341
296196.899	2779823.470	9.290	41782.41898499
296198.028	2779821.905	9.400	41782.41899656
296199.676	2779819.953	10.100	41782.41900814
296200.109	2779816.333	9.340	41782.41901971
296207.146	2779811.529	9.080	41782.41906601
296208.011	2779809.550	8.750	41782.41907758
296209.391	2779808.037	8.630	41782.41908916
296210.555	2779806.579	8.410	41782.41910073
296211.509	2779805.177	8.390	41782.41911230
296212.497	2779803.543	8.130	41782.41912388
296213.363	2779802.043	7.930	41782.41913545
296214.209	2779800.355	7.750	41782.41914703
296215.166	2779798.556	7.480	41782.41915860
296216.439	2779796.257	7.280	41782.41917017
296216.598	2779794.038	7.110	41782.41918175
296216.916	2779792.073	6.970	41782.41919332
296217.423	2779790.185	6.860	41782.41920490
296218.094	2779788.359	6.780	41782.41921647
296218.825	2779786.568	6.690	41782.41922804
296219.606	2779784.777	6.630	41782.41923962
296220.375	2779782.955	6.600	41782.41925119
296221.177	2779781.131	6.560	41782.41926277
296221.985	2779779.390	6.630	41782.41927434
296222.782	2779777.751	6.490	41782.41928591
296223.565	2779776.176	6.480	41782.41929749
296224.322	2779774.657	6.530	41782.41930906
296225.062	2779773.169	6.500	41782.41932064
296225.813	2779771.717	6.480	41782.41933221
296226.522	2779770.294	6.440	41782.41934378
296227.178	2779768.912	6.420	41782.41935536
296227.762	2779767.558	6.450	41782.41936693
296228.903	2779764.802	12.560	41782.41939008
296229.894	2779762.088	30.430	41782.41941323
296230.696	2779759.480	22.930	41782.41943638
296231.094	2779758.134	6.370	41782.41944795
296231.453	2779756.761	6.380	41782.41945953
296232.247	2779754.010	6.300	41782.41948267
296232.670	2779752.671	6.270	41782.41949425
296233.064	2779751.294	6.380	41782.41950582
296233.470	2779749.877	6.300	41782.41951740
296233.876	2779748.412	6.340	41782.41952897
296234.303	2779746.900	6.320	41782.41954054
296234.786	2779745.374	6.270	41782.41955212
296235.707	2779742.260	6.270	41782.41957527
296236.123	2779740.651	6.220	41782.41958684
296236.470	2779738.999	6.210	41782.41959841
296236.716	2779737.292	6.230	41782.41960999
296236.908	2779735.565	6.310	41782.41962156
296237.110	2779733.829	6.220	41782.41963314
296237.294	2779732.086	6.260	41782.41964471
296237.524	2779730.342	6.220	41782.41965628
296237.794	2779728.598	6.210	41782.41966786
296238.068	2779726.853	6.270	41782.41967943
296238.317	2779725.104	6.250	41782.41969101
296238.511	2779723.338	0.010	41782.41970258
296121.366	2779675.321	5.530	41782.42037388
296118.694	2779677.182	5.550	41782.42038545
296115.850	2779679.106	5.550	41782.42039703
296113.126	2779680.910	5.540	41782.42040860
296110.535	2779683.072	5.560	41782.42042017
296107.997	2779685.322	5.560	41782.42043175
296105.257	2779687.835	5.560	41782.42044332
296102.624	2779690.305	5.570	41782.42045490
296100.030	2779692.757	5.560	41782.42046647
296097.600	2779695.242	5.540	41782.42047804
296095.124	2779697.785	5.570	41782.42048962
296092.610	2779700.386	5.550	41782.42050119
296090.252	2779702.820	5.550	41782.42051277
296088.036	2779705.354	5.550	41782.42052434
296085.983	2779707.791	5.540	41782.42053591
296083.999	2779710.187	5.550	41782.42054749
296082.055	2779712.595	5.510	41782.42055906
296080.197	2779714.881	5.540	41782.42057064
296078.728	2779717.094	5.510	41782.42058221
296077.341	2779719.128	5.520	41782.42059378
296075.719	2779721.403	5.510	41782.42060536
296074.072	2779723.739	5.490	41782.42061693
296072.497	2779726.081	5.500	41782.42062851
296071.315	2779728.467	5.490	41782.42064008
296069.931	2779730.932	5.490	41782.42065166
296068.325	2779733.137	5.480	41782.42066323
296066.493	2779735.019	5.490	41782.42067480
296065.448	2779736.891	5.490	41782.42068638
296064.003	2779739.283	5.480	41782.42069795
296062.724	2779741.663	5.490	41782.42070953
296061.512	2779743.945	5.480	41782.42072110
296060.495	2779746.435	5.480	41782.42073267
296059.646	2779749.004	5.490	41782.42074425
296058.626	2779751.562	5.480	41782.42075582
296057.653	2779753.999	5.490	41782.42076740
296056.511	2779756.265	5.480	41782.42077897
296055.397	2779758.755	5.480	41782.42079054
296054.266	2779761.440	5.490	41782.42080212
296053.097	2779764.287	5.490	41782.42081369
296051.902	2779767.190	5.500	41782.42082527
296050.494	2779770.346	5.490	41782.42083684
296049.371	2779773.468	5.490	41782.42084841
296048.426	2779776.622	5.500	41782.42085999
296047.453	2779780.483	5.490	41782.42087156
296046.895	2779784.024	5.520	41782.42088314
296075.028	2779807.046	5.860	41782.42107990
296077.182	2779805.943	5.830	41782.42109147
296079.404	2779804.682	5.790	41782.42110304
296081.618	2779803.464	5.740	41782.42111462
296083.845	2779802.139	5.690	41782.42112619
296086.012	2779800.751	5.650	41782.42113777
296088.117	2779799.224	5.610	41782.42114934
296090.156	2779797.732	5.560	41782.42116073
296091.981	2779796.530	5.510	41782.42117249
296094.014	2779795.029	5.480	41782.42118406
296096.031	2779793.577	5.440	41782.42119564
296098.020	2779792.087	5.400	41782.42120721
296099.972	2779790.532	5.390	41782.42121878
296101.898	2779788.971	5.370	41782.42123036
296103.795	2779787.317	5.360	41782.42124193
296105.629	2779785.612	5.340	41782.42125351
296107.378	2779783.880	5.330	41782.42126508
296109.083	2779782.046	5.320	41782.42127666
296110.777	2779780.295	5.300	41782.42128823
296112.475	2779778.576	5.300	41782.42129980
296114.135	2779776.778	5.300	41782.42131138
296115.740	2779774.921	5.310	41782.42132295
296117.436	2779773.039	5.320	41782.42133453
296119.043	2779771.097	5.320	41782.42134610
296120.637	2779769.149	5.330	41782.42135767
296122.256	2779767.180	5.330	41782.42136925
296123.608	2779764.981	5.330	41782.42138082
296124.900	2779762.903	5.340	41782.42139240
296125.661	2779759.513	5.350	41782.42140397
296126.957	2779756.552	5.350	41782.42141554
296128.528	2779753.620	5.360	41782.42142712
296130.239	2779750.420	5.380	41782.42143869
296132.013	2779747.950	5.380	41782.42145027
296133.680	2779745.928	5.390	41782.42146184
296135.784	2779743.691	5.400	41782.42147341
296137.549	2779741.859	5.400	41782.42148499
296139.353	2779740.487	5.410	41782.42149656
296141.078	2779738.927	5.420	41782.42150814
296142.662	2779737.256	5.430	41782.42151971
296144.203	2779735.474	5.430	41782.42153128
296145.720	2779733.615	5.430	41782.42154286
296147.228	2779731.650	5.450	41782.42155443
296148.757	2779729.664	5.450	41782.42156601
296150.274	2779727.664	5.460	41782.42157758
296151.825	2779725.676	5.460	41782.42158916
296153.369	2779723.684	5.470	41782.42160073
296154.911	2779721.686	5.480	41782.42161230
296156.429	2779719.651	5.490	41782.42162388
296157.907	2779717.621	5.490	41782.42163545
296159.370	2779715.587	5.490	41782.42164703
296160.833	2779713.536	5.490	41782.42165860
296162.259	2779711.459	5.500	41782.42167017
296163.667	2779709.351	5.490	41782.42168175
296165.018	2779707.226	5.500	41782.42169332
296166.322	2779705.076	5.510	41782.42170490
296167.648	2779702.903	5.510	41782.42171647
296168.947	2779700.712	5.520	41782.42172804
296170.258	2779698.527	5.510	41782.42173962
296171.556	2779696.346	5.510	41782.42175119
296172.860	2779694.154	5.510	41782.42176277
296174.119	2779691.955	5.510	41782.42177434
296175.361	2779689.727	5.510	41782.42178591
296176.585	2779687.439	5.510	41782.42179749
296177.794	2779685.146	5.520	41782.42180906
296179.002	2779682.849	5.520	41782.42182064
296180.206	2779680.561	5.520	41782.42183221
296181.392	2779678.281	5.520	41782.42184378
296182.566	2779676.012	5.520	41782.42185536
296183.734	2779673.736	5.520	41782.42186693
296184.902	2779671.455	5.520	41782.42187851
296186.100	2779669.169	5.520	41782.42189008
296187.318	2779666.874	5.530	41782.42190166
296188.548	2779664.574	5.530	41782.42191323
296189.792	2779662.269	5.530	41782.42192480
296191.039	2779659.966	5.530	41782.42193638
296192.297	2779657.670	5.530	41782.42194795
296193.572	2779655.383	5.530	41782.42195953
296194.856	2779653.102	5.530	41782.42197110
296196.163	2779650.831	5.540	41782.42198267
296197.482	2779648.586	5.530	41782.42199425
296198.810	2779646.348	5.530	41782.42200582
296200.147	2779644.112	5.530	41782.42201740
296201.443	2779641.862	5.530	41782.42202897
296202.692	2779639.609	5.530	41782.42204054
296203.902	2779637.323	5.520	41782.42205212
296205.070	2779634.996	5.530	41782.42206369
296206.235	2779632.648	5.530	41782.42207527
296207.384	2779630.290	5.530	41782.42208684
296208.518	2779627.931	5.530	41782.42209841
296209.652	2779625.576	5.540	41782.42210999
296210.787	2779623.226	5.530	41782.42212156
296211.924	2779620.875	5.530	41782.42213314
296213.048	2779618.525	5.530	41782.42214471
296214.163	2779616.187	5.520	41782.42215628
296215.251	2779613.853	5.520	41782.42216786
296216.314	2779611.506	5.520	41782.42217943
296217.391	2779609.156	5.530	41782.42219101
296218.489	2779606.795	5.530	41782.42220258
296219.618	2779604.444	5.530	41782.42221416
296220.790	2779602.115	5.530	41782.42222573
296222.019	2779599.807	5.530	41782.42223730
296223.298	2779597.517	5.520	41782.42224888
296224.622	2779595.262	5.520	41782.42226045
296226.001	2779593.043	5.530	41782.42227203
296227.424	2779590.853	5.530	41782.42228360
296228.920	2779588.686	5.530	41782.42229517
296230.477	2779586.551	5.530	41782.42230675
296232.098	2779584.450	5.530	41782.42231832
296233.776	2779582.375	5.530	41782.42232990
296235.499	2779580.332	5.530	41782.42234147
296237.254	2779578.318	5.530	41782.42235304
296239.042	2779576.328	5.520	41782.42236462
296240.866	2779574.355	5.520	41782.42237619
296242.716	2779572.391	5.520	41782.42238777
296244.594	2779570.431	5.520	41782.42239934
296246.487	2779568.465	5.530	41782.42241091
296248.408	2779566.488	5.530	41782.42242249
296250.344	2779564.512	5.530	41782.42243406
296252.257	2779562.524	5.530	41782.42244564
296254.125	2779560.529	5.520	41782.42245721
296255.929	2779558.511	5.510	41782.42246878
296257.675	2779556.470	5.520	41782.42248036
296259.381	2779554.399	5.520	41782.42249193
296261.057	2779552.288	5.520	41782.42250351
296262.700	2779550.130	5.520	41782.42251508
296264.269	2779547.920	5.520	41782.42252666
296265.784	2779545.679	5.510	41782.42253823
296267.236	2779543.401	5.520	41782.42254980
296268.678	2779541.125	5.520	41782.42256138
296270.118	2779538.856	5.520	41782.42257295
296271.544	2779536.588	5.530	41782.42258453
296272.975	2779534.316	5.530	41782.42259610
296274.425	2779532.036	5.530	41782.42260767
296275.906	2779529.758	5.530	41782.42261925
296277.373	2779527.488	5.520	41782.42263082
296278.831	2779525.225	5.520	41782.42264240
296280.261	2779522.962	5.520	41782.42265397
296281.668	2779520.694	5.520	41782.42266554
296283.074	2779518.416	5.520	41782.42267712
296284.490	2779516.125	5.520	41782.42268869
296285.885	2779513.805	5.520	41782.42270027
296287.256	2779511.450	5.530	41782.42271184
296288.631	2779509.085	5.520	41782.42272341
296289.982	2779506.713	5.520	41782.42273499
296291.340	2779504.352	5.520	41782.42274656
296292.694	2779501.994	5.510	41782.42275814
296294.052	2779499.648	5.510	41782.42276971
296295.386	2779497.287	5.520	41782.42278128
296296.725	2779494.922	5.520	41782.42279286
296298.040	2779492.541	5.520	41782.42280443
296299.333	2779490.136	5.520	41782.42281601
296300.586	2779487.713	5.520	41782.42282758
296301.813	2779485.281	5.520	41782.42283916
296303.003	2779482.852	5.520	41782.42285073
296304.168	2779480.429	5.510	41782.42286230
296305.286	2779477.996	5.510	41782.42287388
296306.354	2779475.535	5.510	41782.42288545
296307.412	2779473.048	5.520	41782.42289703
296308.474	2779470.533	5.520	41782.42290860
296309.559	2779468.006	5.520	41782.42292017
296310.677	2779465.484	5.520	41782.42293175
296311.809	2779462.975	5.520	41782.42294332
296312.952	2779460.471	5.520	41782.42295490
296314.123	2779457.992	5.520	41782.42296647
296315.332	2779455.545	5.520	41782.42297804
296316.592	2779453.131	5.510	41782.42298962
296317.874	2779450.724	5.520	41782.42300119
296319.233	2779448.329	5.520	41782.42301277
296320.623	2779445.917	5.530	41782.42302434
296322.029	2779443.516	5.530	41782.42303591
296323.382	2779441.261	5.540	41782.42304749
296324.653	2779439.198	5.550	41782.42305906
296325.887	2779437.195	5.550	41782.42307064
296327.117	2779435.222	5.550	41782.42308221
296328.334	2779433.257	5.530	41782.42309378
296329.505	2779431.301	5.530	41782.42310536
296330.669	2779429.375	5.530	41782.42311693
296331.840	2779427.455	5.520	41782.42312851
296332.978	2779425.523	5.520	41782.42314008
296334.103	2779423.588	5.530	41782.42315166
296335.197	2779421.659	5.520	41782.42316323
296336.250	2779419.727	5.520	41782.42317480
296337.288	2779417.795	5.520	41782.42318638
296338.298	2779415.867	5.510	41782.42319795
296339.276	2779413.988	5.510	41782.42320953
296340.236	2779412.150	5.520	41782.42322110
296341.172	2779410.345	5.520	41782.42323267
296342.089	2779408.572	5.530	41782.42324425
296342.983	2779406.833	5.520	41782.42325582
296343.853	2779405.127	5.520	41782.42326740
296344.719	2779403.466	5.510	41782.42327897
296345.579	2779401.820	5.510	41782.42329054
296346.456	2779400.193	5.510	41782.42330212
296347.355	2779398.572	5.520	41782.42331369
296348.256	2779396.947	5.520	41782.42332527
296349.165	2779395.324	5.520	41782.42333684
296350.075	2779393.708	5.510	41782.42334841
296351.640	2779392.817	5.510	41782.42335999
296352.614	2779391.486	5.510	41782.42337156
296353.576	2779389.917	5.510	41782.42338314
296354.505	2779388.433	5.510	41782.42339471
296355.506	2779386.895	5.510	41782.42340628
296356.583	2779385.331	5.520	41782.42341786
296357.654	2779383.773	5.520	41782.42342943
296358.666	2779382.101	5.520	41782.42344101
296359.670	2779380.507	5.510	41782.42345258
296360.894	2779378.775	5.510	41782.42346416
296362.025	2779377.089	5.520	41782.42347573
296363.133	2779375.499	5.520	41782.42348730
296364.196	2779373.968	5.530	41782.42349888
296365.238	2779372.496	5.530	41782.42351045
296366.258	2779371.074	5.530	41782.42352203
296367.263	2779369.704	5.520	41782.42353360
296368.258	2779368.369	5.520	41782.42354517
296369.238	2779367.071	5.530	41782.42355675
296370.234	2779365.790	5.530	41782.42356832
296371.290	2779364.586	5.530	41782.42357990
296372.344	2779363.323	5.520	41782.42359147
296373.403	2779362.228	5.510	41782.42360304
296374.330	2779360.798	5.500	41782.42361462
296375.294	2779359.403	5.500	41782.42362619
296376.345	2779358.139	5.520	41782.42363777
296377.594	2779357.036	5.520	41782.42364934
296396.638	2779375.207	5.680	41782.42383453
296396.306	2779377.780	5.670	41782.42384610
296395.751	2779380.373	5.660	41782.42385767
296395.013	2779383.029	5.660	41782.42386925
296394.138	2779385.822	5.630	41782.42388082
296393.222	2779388.657	5.630	41782.42389240
296392.225	2779391.517	5.610	41782.42390397
296391.135	2779394.532	5.600	41782.42391554
296389.956	2779397.472	5.570	41782.42392712
296388.812	2779400.498	5.550	41782.42393869
296387.759	2779403.589	5.550	41782.42395027
296386.649	2779406.656	5.530	41782.42396184
296385.481	2779409.833	5.510	41782.42397341
296384.391	2779412.993	5.510	41782.42398499
296383.317	2779416.258	5.490	41782.42399656
296382.232	2779419.504	5.480	41782.42400814
296381.113	2779423.023	5.460	41782.42401971
296380.102	2779426.348	5.450	41782.42403128
296379.193	2779429.683	5.450	41782.42404286
296378.040	2779432.879	5.450	41782.42405443
296376.722	2779436.037	5.460	41782.42406601
296375.311	2779439.053	5.470	41782.42407758
296373.650	2779442.034	5.480	41782.42408916
296371.795	2779444.788	5.470	41782.42410073
296369.851	2779447.529	5.480	41782.42411230
296367.878	2779450.122	5.480	41782.42412388
296365.806	2779452.763	5.480	41782.42413545
296363.577	2779455.394	5.480	41782.42414703
296361.376	2779457.953	5.480	41782.42415860
296359.377	2779460.736	5.480	41782.42417017
296357.208	2779463.402	5.480	41782.42418175
296355.028	2779466.058	5.480	41782.42419332
296352.921	2779468.781	5.470	41782.42420490
296350.831	2779471.551	5.490	41782.42421647
296348.752	2779474.345	5.480	41782.42422804
296346.670	2779477.125	5.490	41782.42423962
296344.613	2779479.967	5.490	41782.42425119
296342.571	2779482.821	5.480	41782.42426277
296340.578	2779485.709	5.490	41782.42427434
296338.624	2779488.625	5.470	41782.42428591
296336.733	2779491.415	5.490	41782.42429749
296334.778	2779494.274	5.490	41782.42430906
296332.801	2779497.060	5.500	41782.42432064
296330.642	2779499.977	5.510	41782.42433221
296328.289	2779502.509	5.510	41782.42434378
296325.921	2779505.006	5.510	41782.42435536
296323.543	2779507.474	5.510	41782.42436693
296321.103	2779509.900	5.510	41782.42437851
296318.639	2779512.302	5.510	41782.42439008
296316.168	2779514.541	5.510	41782.42440166
296313.786	2779516.951	5.510	41782.42441323
296311.380	2779519.330	5.510	41782.42442480
296308.961	2779521.814	5.500	41782.42443638
296306.532	2779524.245	5.510	41782.42444795
296304.236	2779526.753	5.500	41782.42445953
296302.002	2779529.296	5.510	41782.42447110
296299.834	2779531.947	5.500	41782.42448267
296297.741	2779534.667	5.510	41782.42449425
296295.714	2779537.458	5.500	41782.42450582
296293.818	2779540.414	5.510	41782.42451740
296291.837	2779543.354	5.510	41782.42452897
296289.912	2779546.349	5.520	41782.42454054
296287.903	2779549.295	5.520	41782.42455212
296285.882	2779552.261	5.510	41782.42456369
296283.892	2779555.113	5.520	41782.42457527
296281.829	2779557.996	5.510	41782.42458684
296279.697	2779560.920	5.520	41782.42459841
296277.592	2779563.905	5.520	41782.42460999
296275.492	2779566.866	5.520	41782.42462156
296273.371	2779569.827	5.510	41782.42463314
296271.272	2779572.664	5.510	41782.42464471
296269.241	2779575.598	5.500	41782.42465628
296267.322	2779578.556	5.510	41782.42466786
296265.295	2779581.651	5.490	41782.42467943
296263.366	2779584.680	5.510	41782.42469101
296261.411	2779587.715	5.500	41782.42470258
296259.487	2779590.810	5.510	41782.42471416
296257.600	2779593.884	5.510	41782.42472573
296255.769	2779596.937	5.510	41782.42473730
296253.978	2779599.951	5.510	41782.42474888
296252.277	2779603.056	5.510	41782.42476045
296250.574	2779606.124	5.510	41782.42477203
296248.864	2779609.229	5.510	41782.42478360
296247.153	2779612.247	5.520	41782.42479517
296245.436	2779615.295	5.510	41782.42480675
296243.707	2779618.258	5.510	41782.42481832
296241.880	2779621.201	5.510	41782.42482990
296240.085	2779624.137	5.510	41782.42484147
296238.269	2779627.207	5.510	41782.42485304
296236.598	2779630.294	5.510	41782.42486462
296234.841	2779633.327	5.510	41782.42487619
296233.075	2779636.261	5.520	41782.42488777
296231.300	2779639.251	5.500	41782.42489934
296229.530	2779642.216	5.520	41782.42491091
296227.764	2779645.312	5.500	41782.42492249
296226.071	2779648.347	5.520	41782.42493406
296224.312	2779651.393	5.510	41782.42494564
296222.610	2779654.331	5.520	41782.42495721
296220.822	2779657.310	5.520	41782.42496878
296219.049	2779660.228	5.520	41782.42498036
296217.167	2779663.251	5.520	41782.42499193
296215.347	2779666.159	5.510	41782.42500351
296213.517	2779669.100	5.510	41782.42501508
296211.769	2779672.083	5.510	41782.42502666
296210.010	2779675.099	5.510	41782.42503823
296208.274	2779678.111	5.510	41782.42504980
296206.540	2779681.149	5.520	41782.42506138
296204.666	2779683.930	5.510	41782.42507295
296202.935	2779686.883	5.520	41782.42508453
296201.158	2779689.843	5.510	41782.42509610
296199.323	2779692.819	5.520	41782.42510767
296197.383	2779695.752	5.520	41782.42511925
296195.428	2779698.598	5.530	41782.42513082
296193.479	2779701.441	5.520	41782.42514240
296191.531	2779704.276	5.520	41782.42515397
296189.582	2779707.307	5.510	41782.42516554
296187.616	2779710.157	5.520	41782.42517712
296185.698	2779713.059	5.520	41782.42518869
296183.796	2779715.816	5.530	41782.42520027
296181.917	2779718.776	5.510	41782.42521184
296179.945	2779721.656	5.520	41782.42522341
296177.928	2779724.462	5.520	41782.42523499
296175.961	2779727.271	5.520	41782.42524656
296173.836	2779730.098	5.520	41782.42525814
296171.719	2779732.882	5.530	41782.42526971
296169.422	2779735.444	5.530	41782.42528128
296167.029	2779738.103	5.530	41782.42529286
296164.638	2779740.812	5.520	41782.42530443
296162.272	2779743.419	5.530	41782.42531601
296159.980	2779746.006	5.540	41782.42532758
296157.674	2779748.557	5.530	41782.42533916
296155.529	2779751.273	5.520	41782.42535073
296153.624	2779754.049	5.520	41782.42536230
296152.046	2779756.807	5.520	41782.42537388
296150.594	2779762.009	5.550	41782.42539703
296162.730	2779782.091	5.890	41782.42553591
296163.868	2779781.238	5.940	41782.42554749
296164.950	2779780.132	5.950	41782.42555906
296165.961	2779778.732	5.950	41782.42557064
296166.615	2779776.791	5.930	41782.42558221
296167.084	2779774.447	5.900	41782.42559378
296168.096	2779772.538	5.830	41782.42560536
296169.065	2779770.468	5.790	41782.42561693
296169.993	2779768.321	5.740	41782.42562851
296170.953	2779766.168	5.680	41782.42564008
296171.928	2779764.016	5.650	41782.42565166
296172.758	2779761.584	5.590	41782.42566323
296174.091	2779759.863	5.540	41782.42567480
296175.525	2779758.193	5.490	41782.42568638
296177.053	2779756.431	5.460	41782.42569795
296178.757	2779754.699	5.460	41782.42570953
296180.674	2779753.116	5.420	41782.42572255
296182.668	2779751.562	5.390	41782.42573267
296184.680	2779749.992	5.350	41782.42574425
296186.711	2779748.350	5.330	41782.42575582
296188.719	2779746.701	5.340	41782.42576740
296190.756	2779745.101	5.320	41782.42577897
296193.034	2779743.276	5.300	41782.42579054
296195.055	2779741.457	5.290	41782.42580212
296196.848	2779739.526	5.280	41782.42581369
296198.292	2779737.548	5.270	41782.42582527
296199.440	2779735.469	5.310	41782.42583684
296200.375	2779733.369	5.320	41782.42584841
296201.347	2779731.146	5.330	41782.42585999
296202.345	2779728.866	5.350	41782.42587156
296203.366	2779726.633	5.350	41782.42588314
296204.415	2779724.409	5.370	41782.42589471
296205.500	2779722.274	5.390	41782.42590628
296206.772	2779720.172	5.380	41782.42591786
296208.175	2779718.019	5.390	41782.42592943
296209.600	2779715.893	5.390	41782.42594101
296210.932	2779713.909	5.390	41782.42595258
296212.365	2779711.820	5.400	41782.42596416
296213.805	2779709.734	5.390	41782.42597573
296215.190	2779707.596	5.400	41782.42598730
296216.509	2779705.412	5.390	41782.42599888
296217.717	2779703.171	5.400	41782.42601045
296218.881	2779700.899	5.410	41782.42602203
296220.022	2779698.623	5.410	41782.42603360
296221.187	2779696.360	5.410	41782.42604517
296222.377	2779694.111	5.410	41782.42605675
296223.547	2779691.856	5.410	41782.42606832
296224.723	2779689.622	5.420	41782.42607990
296225.955	2779687.412	5.430	41782.42609147
296227.240	2779685.230	5.440	41782.42610304
296228.607	2779683.061	5.450	41782.42611462
296230.031	2779680.907	5.450	41782.42612619
296231.515	2779678.775	5.440	41782.42613777
296233.014	2779676.663	5.450	41782.42614934
296234.520	2779674.568	5.470	41782.42616091
296236.068	2779672.516	5.460	41782.42617249
296237.488	2779670.414	5.460	41782.42618406
296238.778	2779668.261	5.470	41782.42619564
296239.897	2779666.022	5.460	41782.42620721
296240.799	2779663.701	5.470	41782.42621878
296241.553	2779661.342	5.490	41782.42623036
296242.312	2779658.982	5.490	41782.42624193
296243.061	2779656.603	5.500	41782.42625351
296243.815	2779654.210	5.500	41782.42626508
296244.611	2779651.799	5.520	41782.42627666
296245.532	2779649.403	5.520	41782.42628823
296246.586	2779647.031	5.510	41782.42629980
296247.684	2779644.676	5.500	41782.42631138
296248.846	2779642.340	5.520	41782.42632295
296250.160	2779640.103	5.530	41782.42633453
296251.375	2779637.597	5.540	41782.42634610
296252.996	2779635.697	5.530	41782.42635767
296254.710	2779633.831	5.530	41782.42636925
296256.468	2779631.955	5.540	41782.42638082
296258.322	2779630.116	5.540	41782.42639240
296260.171	2779628.247	5.520	41782.42640397
296261.960	2779626.328	5.510	41782.42641554
296263.597	2779624.316	5.520	41782.42642712
296265.168	2779622.273	5.530	41782.42643869
296266.656	2779620.191	5.520	41782.42645081
296268.108	2779618.099	5.520	41782.42646184
296270.964	2779613.877	-0.020	41782.42648499
296272.305	2779611.725	25.130	41782.42649656
296273.633	2779609.564	5.760	41782.42650814
296274.940	2779607.501	5.790	41782.42651971
296276.230	2779605.580	5.850	41782.42653128
296277.423	2779603.714	5.790	41782.42654286
296278.554	2779601.865	5.780	41782.42655443
296279.695	2779600.055	5.840	41782.42656601
296280.755	2779598.272	5.900	41782.42657758
296281.786	2779596.502	5.610	41782.42658916
296282.759	2779594.754	5.840	41782.42660073
296283.745	2779593.046	5.880	41782.42661230
296284.721	2779591.335	5.570	41782.42662388
296285.728	2779589.646	5.870	41782.42663545
296286.749	2779587.923	5.870	41782.42664703
296287.791	2779586.210	5.810	41782.42665860
296288.817	2779584.498	5.880	41782.42667017
296289.849	2779582.781	5.900	41782.42668175
296290.945	2779581.109	5.860	41782.42669332
296292.030	2779579.442	5.830	41782.42670490
296293.124	2779577.793	5.880	41782.42671647
296294.279	2779576.160	5.910	41782.42672804
296295.441	2779574.526	5.900	41782.42673962
296296.672	2779572.915	5.880	41782.42675119
296297.914	2779571.309	5.930	41782.42676277
296299.177	2779569.708	5.910	41782.42677434
296300.399	2779568.086	5.950	41782.42678591
296301.618	2779566.509	5.930	41782.42679749
296302.751	2779564.899	5.930	41782.42680906
296303.843	2779563.252	5.980	41782.42682064
296304.906	2779561.565	6.040	41782.42683221
296305.906	2779559.862	6.000	41782.42684378
296306.894	2779558.117	6.000	41782.42685536
296307.868	2779556.388	6.090	41782.42686693
296308.864	2779554.668	6.000	41782.42687851
296309.847	2779552.915	5.990	41782.42689008
296310.869	2779551.136	6.030	41782.42690166
296311.906	2779549.319	5.980	41782.42691323
296312.954	2779547.483	5.960	41782.42692480
296314.006	2779545.625	6.050	41782.42693638
296315.043	2779543.790	5.940	41782.42694795
296316.095	2779541.972	5.910	41782.42695953
296317.140	2779540.184	5.940	41782.42697110
296318.145	2779538.377	5.920	41782.42698267
296319.215	2779536.552	5.940	41782.42699425
296320.342	2779534.717	5.910	41782.42700582
296321.471	2779532.862	5.930	41782.42701740
296322.561	2779531.010	5.960	41782.42702897
296323.590	2779529.165	5.930	41782.42704054
296324.588	2779527.318	5.880	41782.42705212
296325.532	2779525.462	5.920	41782.42706369
296326.431	2779523.593	5.920	41782.42707527
296327.269	2779521.711	5.930	41782.42708684
296328.074	2779519.806	5.940	41782.42709841
296328.869	2779517.901	5.940	41782.42710999
296329.719	2779515.995	5.910	41782.42712156
296330.565	2779514.093	5.960	41782.42713314
296331.533	2779512.256	5.900	41782.42714471
296332.472	2779510.412	5.940	41782.42715628
296333.451	2779508.563	5.930	41782.42716786
296334.386	2779506.712	5.980	41782.42717943
296335.305	2779504.854	5.930	41782.42719101
296336.123	2779502.978	6.010	41782.42720258
296336.922	2779501.084	5.950	41782.42721416
296337.666	2779499.181	5.950	41782.42722573
296338.370	2779497.262	5.950	41782.42723730
296339.066	2779495.328	5.950	41782.42724888
296339.807	2779493.387	5.980	41782.42726045
296340.588	2779491.433	5.990	41782.42727203
296341.416	2779489.466	5.980	41782.42728360
296342.275	2779487.502	5.980	41782.42729517
296343.124	2779485.527	6.010	41782.42730675
296344.026	2779483.572	6.020	41782.42731832
296344.928	2779481.633	6.000	41782.42732990
296345.835	2779479.697	6.020	41782.42734147
296346.781	2779477.773	6.020	41782.42735304
296347.764	2779475.864	6.020	41782.42736462
296348.781	2779473.965	6.080	41782.42737619
296349.822	2779472.092	6.040	41782.42738777
296350.876	2779470.225	6.060	41782.42739934
296351.928	2779468.337	6.070	41782.42741091
296352.986	2779466.431	6.070	41782.42742249
296354.014	2779464.515	6.080	41782.42743406
296355.027	2779462.596	6.090	41782.42744564
296356.002	2779460.656	6.120	41782.42745721
296356.961	2779458.722	6.120	41782.42746878
296357.949	2779456.804	6.140	41782.42748036
296358.917	2779454.864	6.130	41782.42749193
296359.917	2779452.935	6.140	41782.42750351
296360.923	2779451.007	6.130	41782.42751508
296361.919	2779449.085	6.110	41782.42752666
296362.942	2779447.176	6.110	41782.42753823
296363.937	2779445.253	6.270	41782.42754980
296364.976	2779443.345	6.130	41782.42756138
296365.975	2779441.408	6.160	41782.42757295
296367.024	2779439.487	6.130	41782.42758453
296368.047	2779437.565	6.140	41782.42759610
296369.050	2779435.661	6.150	41782.42760767
296370.032	2779433.761	6.160	41782.42761925
296371.014	2779431.863	6.180	41782.42763082
296371.989	2779429.944	6.200	41782.42764240
296372.973	2779428.008	6.260	41782.42765397
296373.952	2779426.059	6.230	41782.42766554
296374.904	2779424.129	6.240	41782.42767712
296375.856	2779422.237	6.230	41782.42768869
296376.772	2779420.341	6.250	41782.42770027
296377.664	2779418.430	6.250	41782.42771184
296378.570	2779416.512	6.260	41782.42772341
296379.440	2779414.573	6.300	41782.42773499
296380.366	2779412.624	6.290	41782.42774656
296381.249	2779410.644	6.320	41782.42775814
296382.153	2779408.685	6.330	41782.42776971
296383.065	2779406.747	6.330	41782.42778128
296383.941	2779404.811	6.340	41782.42779286
296384.826	2779402.906	6.350	41782.42780443
296385.659	2779400.975	6.380	41782.42781601
296386.471	2779399.033	6.410	41782.42782758
296387.275	2779397.054	6.420	41782.42783916
296388.078	2779395.078	6.450	41782.42785073
296388.884	2779393.117	6.430	41782.42786230
296389.679	2779391.158	6.460	41782.42787388
296390.473	2779389.201	6.450	41782.42788545
296391.272	2779387.246	6.460	41782.42789703
296392.071	2779385.274	6.480	41782.42790860
296392.893	2779383.287	6.470	41782.42792017
296393.732	2779381.259	6.450	41782.42793175
296394.576	2779379.257	6.430	41782.42794332
296395.439	2779377.258	6.370	41782.42795490
296396.293	2779375.285	6.400	41782.42796647
296397.141	2779373.313	6.350	41782.42797804
296398.019	2779371.337	6.390	41782.42798962
296398.894	2779369.361	6.350	41782.42800119
296399.788	2779367.368	6.260	41782.42801277
296400.691	2779365.385	6.160	41782.42802434
296401.554	2779363.393	6.100	41782.42803591
296402.477	2779361.432	6.110	41782.42804749
296403.392	2779359.406	6.150	41782.42805906
296404.387	2779357.328	6.200	41782.42807064
296405.379	2779355.147	6.160	41782.42808221
296406.435	2779352.920	6.140	41782.42809378
296407.423	2779350.776	6.150	41782.42810536
296408.398	2779348.831	6.160	41782.42811693
296409.371	2779346.987	6.130	41782.42812851
296410.331	2779345.225	6.130	41782.42814008
296411.304	2779343.549	6.110	41782.42815166
296412.223	2779341.937	6.130	41782.42816323
296413.195	2779340.397	6.120	41782.42817480
296414.116	2779338.878	6.120	41782.42818638
296415.025	2779337.355	6.070	41782.42819795
296415.972	2779335.878	6.060	41782.42820953
296416.898	2779334.425	5.990	41782.42822110
296417.819	2779332.998	5.950	41782.42823267
296418.758	2779331.603	5.900	41782.42824425
296419.646	2779330.202	5.850	41782.42825582
296420.546	2779328.744	5.840	41782.42826740
296421.468	2779327.255	5.740	41782.42827897
296422.362	2779325.738	5.680	41782.42829054
296423.253	2779324.200	5.590	41782.42830212
296424.080	2779322.624	5.500	41782.42831369
296424.893	2779320.950	5.460	41782.42832527
296425.660	2779319.195	5.430	41782.42833684
296426.437	2779317.399	5.430	41782.42834841
296427.144	2779315.549	5.430	41782.42835999
296427.834	2779313.656	5.480	41782.42837156
296428.531	2779311.744	5.510	41782.42838314
296429.240	2779309.802	5.530	41782.42839471
296429.925	2779307.928	5.540	41782.42840628
296430.565	2779306.112	5.580	41782.42841786
296431.189	2779304.352	5.560	41782.42842943
296431.770	2779302.595	5.580	41782.42844101
296432.387	2779300.826	5.510	41782.42845258
296432.988	2779299.032	5.450	41782.42846416
296433.564	2779297.221	5.430	41782.42847573
296434.162	2779295.398	5.430	41782.42848730
296434.750	2779293.545	5.430	41782.42849888
296435.318	2779291.703	5.400	41782.42851045
296435.911	2779289.880	5.380	41782.42852203
296436.452	2779288.029	5.450	41782.42853830
296437.000	2779286.171	5.500	41782.42854517
296437.541	2779284.310	5.520	41782.42855675
296438.053	2779282.419	5.570	41782.42856832
296438.590	2779280.521	5.600	41782.42857990
296439.132	2779278.623	5.580	41782.42859147
296439.662	2779276.728	5.600	41782.42860304
296440.168	2779274.834	5.600	41782.42861462
296440.656	2779272.967	5.650	41782.42862619
296441.113	2779271.078	5.620	41782.42863777
296441.581	2779269.183	5.630	41782.42864934
296442.031	2779267.288	5.650	41782.42866091
296442.546	2779265.397	5.730	41782.42867249
296443.071	2779263.541	5.600	41782.42868406
296443.594	2779261.732	5.610	41782.42869564
296444.137	2779259.961	5.620	41782.42870721
296444.662	2779258.215	5.700	41782.42871878
296445.155	2779256.532	5.650	41782.42873036
296445.639	2779254.919	5.660	41782.42874193
296446.083	2779253.377	5.690	41782.42875351
296446.503	2779251.930	5.690	41782.42876508
296446.892	2779250.549	5.670	41782.42877666
296447.246	2779249.229	5.730	41782.42878823
296447.599	2779247.956	5.720	41782.42879980
296447.935	2779246.723	5.710	41782.42881138
296448.249	2779245.552	5.730	41782.42882295
296448.558	2779244.444	5.720	41782.42883453
296448.842	2779243.383	5.730	41782.42884610
296449.126	2779242.364	5.760	41782.42885767
296449.405	2779241.376	6.120	41782.42886925
296449.673	2779240.424	5.750	41782.42888082
296449.947	2779239.520	5.780	41782.42889240
296450.193	2779238.657	5.860	41782.42890397
296450.441	2779237.811	5.820	41782.42891554
296450.693	2779236.904	5.840	41782.42892712
296450.945	2779235.967	5.850	41782.42893869
296451.203	2779235.101	5.830	41782.42895027
296451.407	2779234.260	5.870	41782.42896184
296451.597	2779233.435	5.890	41782.42897341
296451.748	2779232.668	5.920	41782.42898499
296451.869	2779231.942	5.970	41782.42899656
296451.985	2779231.260	6.020	41782.42900814
296452.125	2779230.609	5.940	41782.42901971
296452.286	2779229.981	5.890	41782.42903128
296452.313	2779227.459	6.020	41782.42908916
296452.353	2779226.893	5.990	41782.42912388
296452.367	2779226.817	5.970	41782.42913545
296452.388	2779226.761	5.940	41782.42914703
296452.374	2779226.768	5.920	41782.42920490
296452.410	2779226.821	5.890	41782.42923962
296452.382	2779226.897	5.880	41782.42926277
296452.286	2779227.016	5.950	41782.42929749
296452.274	2779227.042	5.950	41782.42930906
296452.240	2779227.062	6.000	41782.42932064
296452.304	2779227.213	5.980	41782.42934378
296452.258	2779227.594	5.970	41782.42940166
296452.247	2779227.864	5.970	41782.42942480
296452.195	2779228.145	5.990	41782.42944795
296452.190	2779228.954	5.990	41782.42950582
296452.163	2779229.113	5.970	41782.42951740
296452.100	2779229.244	6.000	41782.42952897
296451.984	2779229.373	6.020	41782.42954054
296451.872	2779229.464	6.010	41782.42955212
296451.744	2779229.547	6.030	41782.42956369
296451.628	2779229.623	6.070	41782.42957527
296451.509	2779229.695	6.050	41782.42958684
296451.324	2779229.695	6.100	41782.42962156
296451.333	2779229.643	6.100	41782.42963314
296451.399	2779229.607	6.120	41782.42965628
296451.465	2779229.563	6.110	41782.42980675
296451.511	2779229.574	6.050	41782.42992249
296451.549	2779229.538	6.110	41782.43001508
296451.551	2779229.535	6.090	41782.43002666
296451.548	2779229.545	6.170	41782.43009610
296451.536	2779229.551	6.100	41782.43016554
296451.535	2779229.553	6.120	41782.43017712
296451.534	2779229.555	6.090	41782.43018869
296451.533	2779229.557	6.180	41782.43020027
296451.532	2779229.558	6.130	41782.43021184
296451.529	2779229.562	6.140	41782.43024656
296451.528	2779229.563	6.130	41782.43025814
296451.527	2779229.564	6.080	41782.43026971
296451.525	2779229.565	6.110	41782.43028128
296451.520	2779229.568	6.110	41782.43030443
296451.466	2779229.534	6.010	41782.43120721
296451.467	2779229.533	6.020	41782.43123036
296451.468	2779229.532	6.120	41782.43125351
296451.469	2779229.531	6.070	41782.43126508
296451.470	2779229.530	6.150	41782.43128823
296451.472	2779229.529	6.050	41782.43132295
296451.478	2779229.526	6.040	41782.43142712
296451.482	2779229.525	6.110	41782.43148499
296451.675	2779229.611	6.070	41782.43463295
296451.674	2779229.617	6.060	41782.43472554
296451.673	2779229.620	6.050	41782.43477184
296451.672	2779229.623	6.040	41782.43482971
296451.671	2779229.625	6.030	41782.43488758
296452.096	2779232.890	5.820	41782.43646166
296452.022	2779233.568	5.800	41782.43647323
296451.921	2779234.313	5.770	41782.43648480
296451.801	2779235.146	5.750	41782.43649638
296451.671	2779236.046	5.740	41782.43650795
296451.516	2779237.020	5.710	41782.43651953
296451.362	2779238.058	5.720	41782.43653110
296451.192	2779239.156	5.670	41782.43654267
296451.019	2779240.305	5.630	41782.43655425
296450.823	2779241.515	5.640	41782.43656582
296450.615	2779242.768	5.570	41782.43657740
296450.392	2779244.063	5.570	41782.43658897
296450.163	2779245.406	5.570	41782.43660054
296449.909	2779246.768	5.550	41782.43661212
296449.653	2779248.186	5.530	41782.43662369
296449.387	2779249.570	5.530	41782.43663527
296449.117	2779250.852	5.570	41782.43664684
296399.645	2779234.250	5.870	41782.43719082
296399.612	2779234.031	5.920	41782.43721397
